31879.0 0.0
33740.0 0.0
33222.0 0.0
28732.0 0.0
28159.0 0.0
31028.0 0.0
32810.0 0.0
32327.0 0.0
28610.0 0.0
28534.0 0.0
31015.0 0.0
32643.0 0.0
32176.0 0.0
27904.0 0.0
27392.0 0.0
30168.0 0.0
31946.0 0.0
31965.0 0.0
28530.0 0.0
27123.0 0.0
30408.0 0.0
32013.0 0.0
32042.0 0.0
28403.0 0.0
26720.0 0.0
27523.0 0.0
28905.0 0.0
28482.0 0.0
23545.0 0.0
21287.0 0.0
24155.0 0.0
25598.0 0.0
25863.0 0.0
22732.0 0.0
21955.0 0.0
26183.0 0.0
28527.0 0.0
29973.0 0.0
26903.0 0.0
25259.0 0.0
28770.0 0.0
31406.0 0.0
32211.0 0.0
28716.0 0.0
26759.0 0.0
30632.0 0.0
33145.0 0.0
33766.0 0.0
29835.0 0.0
28140.0 0.0
31406.0 0.0
33168.0 0.0
34034.0 0.0
31658.0 0.0
33180.0 0.0
43322.0 0.0
53284.0 0.0
58004.0 0.0
50991.0 0.0
31319.0 0.0
8101.0 0.0
1119.0 0.0
224.0 0.0
83.0 0.0
83.0 0.0
80.0 0.0
45.0 0.0
93.0 0.0
4378.0 0.0
27085.0 0.0
38400.0 0.0
40322.0 0.0
40363.0 0.0
34936.0 0.0
28099.0 0.0
29909.0 0.0
32909.0 0.0
33836.0 0.0
29976.0 0.0
30126.0 0.0
33548.0 0.0
34460.0 0.0
33715.0 0.0
29256.0 0.0
28853.0 0.0
31840.0 0.0
33094.0 0.0
31773.0 0.0
27603.0 0.0
27075.0 0.0
29605.0 0.0
31457.0 0.0
31214.0 0.0
26941.0 0.0
26033.0 0.0
29055.0 0.0
30763.0 0.0
30484.0 0.0
26263.0 0.0
25259.0 0.0
28326.0 0.0
30261.0 0.0
29832.0 0.0
25716.0 0.0
24603.0 0.0
27670.0 0.0
29333.0 0.0
29058.0 0.0
25041.0 0.0
23404.0 0.0
26289.0 0.0
28252.0 0.0
27779.0 0.0
23266.0 0.0
21136.0 0.0
23385.0 0.0
25150.0 0.0
25108.0 0.0
20724.0 0.0
18962.0 0.0
22198.0 0.0
23820.0 0.0
23813.0 0.0
19924.0 0.0
17510.0 0.0
20091.0 0.0
21571.0 0.0
22182.0 0.0
17929.0 0.0
15287.0 0.0
17868.0 0.0
19208.0 0.0
19675.0 0.0
15917.0 0.0
13144.0 0.0
15495.0 0.0
16889.0 0.0
17129.0 0.0
13838.0 0.0
12153.0 0.0
16979.0 0.0
21443.0 0.0
24382.0 0.0
22617.0 0.0
21696.0 0.0
26452.0 0.0
30577.0 0.0
32762.0 0.0
30744.0 0.0
29298.0 0.0
33398.0 0.0
36343.0 0.0
37213.0 0.0
33881.0 0.0
31201.0 0.0
33993.0 0.0
36922.0 0.0
38173.0 0.0
31764.0 0.0
32307.0 0.0
35883.0 0.0
37351.0 0.0
36238.0 0.0
31511.0 0.0
31521.0 0.0
34911.0 0.0
36481.0 0.0
35550.0 0.0
31035.0 0.0
31402.0 0.0
34549.0 0.0
36369.0 0.0
36235.0 0.0
31741.0 0.0
30807.0 0.0
34089.0 0.0
35531.0 0.0
35080.0 0.0
31470.0 0.0
30644.0 0.0
34437.0 0.0
35982.0 0.0
35320.0 0.0
31342.0 0.0
31012.0 0.0
34668.0 0.0
36334.0 0.0
36257.0 0.0
32288.0 0.0
31169.0 0.0
34668.0 0.0
36858.0 0.0
36890.0 0.0
33043.0 0.0
32259.0 0.0
35672.0 0.0
37786.0 0.0
37994.0 0.0
34383.0 0.0
32947.0 0.0
35979.0 0.0
37536.0 0.0
37914.0 0.0
33721.0 0.0
32084.0 0.0
35726.0 0.0
36996.0 0.0
37261.0 0.0
33021.0 0.0
30734.0 0.0
33967.0 0.0
36321.0 0.0
36820.0 0.0
32781.0 0.0
30961.0 0.0
34271.0 0.0
35848.0 0.0
36267.0 0.0
32448.0 0.0
30347.0 0.0
33571.0 0.0
35256.0 0.0
36449.0 0.0
32790.0 0.0
30683.0 0.0
33165.0 0.0
35307.0 0.0
35924.0 0.0
32346.0 0.0
29547.0 0.0
32477.0 0.0
34898.0 0.0
36206.0 0.0
32669.0 0.0
30053.0 0.0
33264.0 0.0
35761.0 0.0
36420.0 0.0
32656.0 0.0
31562.0 0.0
35160.0 0.0
36654.0 0.0
35099.0 0.0
30315.0 0.0
30728.0 0.0
34664.0 0.0
35381.0 0.0
32004.0 0.0
26819.0 0.0
26173.0 0.0
28211.0 0.0
28869.0 0.0
27645.0 0.0
23100.0 0.0
22703.0 0.0
26276.0 0.0
28805.0 0.0
29624.0 0.0
26391.0 0.0
26580.0 0.0
30596.0 0.0
32982.0 0.0
32989.0 0.0
28866.0 0.0
29103.0 0.0
33001.0 0.0
35026.0 0.0
34719.0 0.0
30689.0 0.0
29797.0 0.0
33104.0 0.0
34821.0 0.0
34530.0 0.0
30197.0 0.0
28981.0 0.0
33190.0 0.0
38243.0 0.0
44719.0 0.0
48247.0 0.0
52238.0 0.0
55164.0 0.0
43603.0 0.0
16787.0 0.0
2411.0 0.0
400.0 0.0
70.0 0.0
58.0 0.0
38.0 0.0
45.0 0.0
70.0 0.0
2885.0 0.0
29378.0 0.0
42759.0 0.0
38838.0 0.0
35592.0 0.0
37715.0 0.0
35854.0 0.0
34098.0 0.0
30865.0 0.0
29202.0 0.0
32816.0 0.0
35557.0 0.0
35886.0 0.0
31390.0 0.0
28917.0 0.0
32055.0 0.0
34719.0 0.0
35128.0 0.0
30887.0 0.0
28434.0 0.0
31153.0 0.0
33488.0 0.0
34095.0 0.0
30165.0 0.0
27417.0 0.0
29870.0 0.0
31588.0 0.0
32122.0 0.0
28633.0 0.0
26663.0 0.0
29391.0 0.0
30817.0 0.0
29960.0 0.0
25649.0 0.0
25566.0 0.0
28879.0 0.0
30452.0 0.0
28873.0 0.0
24642.0 0.0
24715.0 0.0
27603.0 0.0
28988.0 0.0
28630.0 0.0
24338.0 0.0
24021.0 0.0
27251.0 0.0
29068.0 0.0
27904.0 0.0
22962.0 0.0
21993.0 0.0
24801.0 0.0
26468.0 0.0
25572.0 0.0
21063.0 0.0
20129.0 0.0
23186.0 0.0
24526.0 0.0
24107.0 0.0
19598.0 0.0
18031.0 0.0
20861.0 0.0
22304.0 0.0
22249.0 0.0
17798.0 0.0
15949.0 0.0
18348.0 0.0
19403.0 0.0
18584.0 0.0
13985.0 0.0
12374.0 0.0
16422.0 0.0
19365.0 0.0
20526.0 0.0
17830.0 0.0
18517.0 0.0
24434.0 0.0
28930.0 0.0
31201.0 0.0
29033.0 0.0
29247.0 0.0
34025.0 0.0
36836.0 0.0
38006.0 0.0
34764.0 0.0
33408.0 0.0
37121.0 0.0
39270.0 0.0
39657.0 0.0
35342.0 0.0
33430.0 0.0
37690.0 0.0
40024.0 0.0
40018.0 0.0
35694.0 0.0
33193.0 0.0
36471.0 0.0
38672.0 0.0
38883.0 0.0
35397.0 0.0
32755.0 0.0
36043.0 0.0
38064.0 0.0
38329.0 0.0
34744.0 0.0
32439.0 0.0
35886.0 0.0
38326.0 0.0
39158.0 0.0
35688.0 0.0
34706.0 0.0
38528.0 0.0
40165.0 0.0
38761.0 0.0
34588.0 0.0
35250.0 0.0
38349.0 0.0
40040.0 0.0
39260.0 0.0
35067.0 0.0
34799.0 0.0
38320.0 0.0
39948.0 0.0
39030.0 0.0
34776.0 0.0
35023.0 0.0
38317.0 0.0
40315.0 0.0
39343.0 0.0
34981.0 0.0
34764.0 0.0
38493.0 0.0
40268.0 0.0
39276.0 0.0
34975.0 0.0
34543.0 0.0
37837.0 0.0
39615.0 0.0
39036.0 0.0
34169.0 0.0
33206.0 0.0
36666.0 0.0
38761.0 0.0
38457.0 0.0
33641.0 0.0
32710.0 0.0
36152.0 0.0
37524.0 0.0
37092.0 0.0
33088.0 0.0
32221.0 0.0
36094.0 0.0
38301.0 0.0
38099.0 0.0
33337.0 0.0
31597.0 0.0
35467.0 0.0
37642.0 0.0
37795.0 0.0
33779.0 0.0
32151.0 0.0
35566.0 0.0
37520.0 0.0
36980.0 0.0
32266.0 0.0
30718.0 0.0
34738.0 0.0
37028.0 0.0
37229.0 0.0
32518.0 0.0
30532.0 0.0
34182.0 0.0
35438.0 0.0
33663.0 0.0
28326.0 0.0
25288.0 0.0
28032.0 0.0
29023.0 0.0
28681.0 0.0
24488.0 0.0
22419.0 0.0
26733.0 0.0
29605.0 0.0
30772.0 0.0
28105.0 0.0
26660.0 0.0
30184.0 0.0
32870.0 0.0
34316.0 0.0
30926.0 0.0
30373.0 0.0
34166.0 0.0
36036.0 0.0
34584.0 0.0
30117.0 0.0
31326.0 0.0
35246.0 0.0
36759.0 0.0
35160.0 0.0
30548.0 0.0
30312.0 0.0
34476.0 0.0
40079.0 0.0
45445.0 0.0
47831.0 0.0
51886.0 0.0
51765.0 0.0
34616.0 0.0
9182.0 0.0
1266.0 0.0
227.0 0.0
70.0 0.0
74.0 0.0
74.0 0.0
67.0 0.0
419.0 0.0
21245.0 0.0
44291.0 0.0
47287.0 0.0
42461.0 0.0
40613.0 0.0
42586.0 0.0
39746.0 0.0
36302.0 0.0
31425.0 0.0
30427.0 0.0
33887.0 0.0
35301.0 0.0
34434.0 0.0
29979.0 0.0
28642.0 0.0
32068.0 0.0
33663.0 0.0
33110.0 0.0
29119.0 0.0
27549.0 0.0
30344.0 0.0
31623.0 0.0
31294.0 0.0
27139.0 0.0
25396.0 0.0
28962.0 0.0
30916.0 0.0
30843.0 0.0
26413.0 0.0
23922.0 0.0
27123.0 0.0
28873.0 0.0
28681.0 0.0
24971.0 0.0
22953.0 0.0
25822.0 0.0
27385.0 0.0
26903.0 0.0
22460.0 0.0
20458.0 0.0
23500.0 0.0
25275.0 0.0
25272.0 0.0
21261.0 0.0
18687.0 0.0
22070.0 0.0
23752.0 0.0
24117.0 0.0
20187.0 0.0
16966.0 0.0
19630.0 0.0
22118.0 0.0
22329.0 0.0
18389.0 0.0
16157.0 0.0
19515.0 0.0
20941.0 0.0
18936.0 0.0
13777.0 0.0
12984.0 0.0
16115.0 0.0
17366.0 0.0
15917.0 0.0
11452.0 0.0
10403.0 0.0
13435.0 0.0
14574.0 0.0
12792.0 0.0
8184.0 0.0
8120.0 0.0
12047.0 0.0
15588.0 0.0
16835.0 0.0
15044.0 0.0
17417.0 0.0
23257.0 0.0
27078.0 0.0
28163.0 0.0
25834.0 0.0
27635.0 0.0
32752.0 0.0
35710.0 0.0
35237.0 0.0
30683.0 0.0
30494.0 0.0
34815.0 0.0
36452.0 0.0
35410.0 0.0
30776.0 0.0
29515.0 0.0
32893.0 0.0
34981.0 0.0
34799.0 0.0
30085.0 0.0
29074.0 0.0
32826.0 0.0
34690.0 0.0
33558.0 0.0
28681.0 0.0
26906.0 0.0
30686.0 0.0
33056.0 0.0
32998.0 0.0
28358.0 0.0
26391.0 0.0
29627.0 0.0
31537.0 0.0
31450.0 0.0
27520.0 0.0
26039.0 0.0
30165.0 0.0
32531.0 0.0
32985.0 0.0
28780.0 0.0
27142.0 0.0
30852.0 0.0
33110.0 0.0
33126.0 0.0
28735.0 0.0
26423.0 0.0
30369.0 0.0
33324.0 0.0
33945.0 0.0
30139.0 0.0
28127.0 0.0
31287.0 0.0
33910.0 0.0
34441.0 0.0
30401.0 0.0
27638.0 0.0
31025.0 0.0
33571.0 0.0
33967.0 0.0
30481.0 0.0
28387.0 0.0
33312.0 0.0
34770.0 0.0
32685.0 0.0
27859.0 0.0
28959.0 0.0
32694.0 0.0
34367.0 0.0
32928.0 0.0
28409.0 0.0
28601.0 0.0
31901.0 0.0
33715.0 0.0
32499.0 0.0
27673.0 0.0
27683.0 0.0
31946.0 0.0
33827.0 0.0
32710.0 0.0
28300.0 0.0
28217.0 0.0
32189.0 0.0
34204.0 0.0
33663.0 0.0
29157.0 0.0
28866.0 0.0
32614.0 0.0
32921.0 0.0
30753.0 0.0
25150.0 0.0
23481.0 0.0
26135.0 0.0
27542.0 0.0
26509.0 0.0
21779.0 0.0
21677.0 0.0
26020.0 0.0
28348.0 0.0
29397.0 0.0
26196.0 0.0
25604.0 0.0
29720.0 0.0
32135.0 0.0
32243.0 0.0
28179.0 0.0
27600.0 0.0
31233.0 0.0
33200.0 0.0
33468.0 0.0
29055.0 0.0
27456.0 0.0
31274.0 0.0
33615.0 0.0
33372.0 0.0
29311.0 0.0
27625.0 0.0
32368.0 0.0
38851.0 0.0
46238.0 0.0
48771.0 0.0
50665.0 0.0
50313.0 0.0
33954.0 0.0
9175.0 0.0
1302.0 0.0
227.0 0.0
90.0 0.0
64.0 0.0
58.0 0.0
77.0 0.0
138.0 0.0
14059.0 0.0
38381.0 0.0
44048.0 0.0
39660.0 0.0
36398.0 0.0
38333.0 0.0
36609.0 0.0
34105.0 0.0
29714.0 0.0
27264.0 0.0
30200.0 0.0
32461.0 0.0
30478.0 0.0
26164.0 0.0
26762.0 0.0
30171.0 0.0
31485.0 0.0
29618.0 0.0
24696.0 0.0
24395.0 0.0
27907.0 0.0
29589.0 0.0
28342.0 0.0
23634.0 0.0
22988.0 0.0
26605.0 0.0
28243.0 0.0
27053.0 0.0
22080.0 0.0
21891.0 0.0
25470.0 0.0
27139.0 0.0
25988.0 0.0
21156.0 0.0
21040.0 0.0
24568.0 0.0
26477.0 0.0
25425.0 0.0
20542.0 0.0
19182.0 0.0
22355.0 0.0
24107.0 0.0
23545.0 0.0
19026.0 0.0
18357.0 0.0
21629.0 0.0
23190.0 0.0
22150.0 0.0
17401.0 0.0
16601.0 0.0
19489.0 0.0
21181.0 0.0
20506.0 0.0
15770.0 0.0
14641.0 0.0
17666.0 0.0
19083.0 0.0
18312.0 0.0
13448.0 0.0
12188.0 0.0
15153.0 0.0
16505.0 0.0
16112.0 0.0
11417.0 0.0
9089.0 0.0
11593.0 0.0
12220.0 0.0
12009.0 0.0
7564.0 0.0
6249.0 0.0
11133.0 0.0
15210.0 0.0
18552.0 0.0
16816.0 0.0
16205.0 0.0
21766.0 0.0
25659.0 0.0
28108.0 0.0
26036.0 0.0
25687.0 0.0
30446.0 0.0
33599.0 0.0
35019.0 0.0
31143.0 0.0
29186.0 0.0
32611.0 0.0
35010.0 0.0
35691.0 0.0
31665.0 0.0
29093.0 0.0
32234.0 0.0
34258.0 0.0
33008.0 0.0
28550.0 0.0
28607.0 0.0
32371.0 0.0
33858.0 0.0
31856.0 0.0
27494.0 0.0
27801.0 0.0
31511.0 0.0
33027.0 0.0
31258.0 0.0
27430.0 0.0
27254.0 0.0
30731.0 0.0
32522.0 0.0
30903.0 0.0
26599.0 0.0
25518.0 0.0
29349.0 0.0
32259.0 0.0
31386.0 0.0
26986.0 0.0
26995.0 0.0
31118.0 0.0
33254.0 0.0
32512.0 0.0
28566.0 0.0
28067.0 0.0
31447.0 0.0
33222.0 0.0
32886.0 0.0
28604.0 0.0
28115.0 0.0
31936.0 0.0
34098.0 0.0
33177.0 0.0
28828.0 0.0
28239.0 0.0
32000.0 0.0
33443.0 0.0
33344.0 0.0
29199.0 0.0
28246.0 0.0
32157.0 0.0
34031.0 0.0
33539.0 0.0
28527.0 0.0
27389.0 0.0
31751.0 0.0
33289.0 0.0
32550.0 0.0
28514.0 0.0
26999.0 0.0
30916.0 0.0
33302.0 0.0
33171.0 0.0
28655.0 0.0
27082.0 0.0
30724.0 0.0
32957.0 0.0
33040.0 0.0
28716.0 0.0
26755.0 0.0
30369.0 0.0
32778.0 0.0
32832.0 0.0
28662.0 0.0
26432.0 0.0
30024.0 0.0
32883.0 0.0
33363.0 0.0
29148.0 0.0
26656.0 0.0
30337.0 0.0
32701.0 0.0
33884.0 0.0
29947.0 0.0
27206.0 0.0
28329.0 0.0
29231.0 0.0
29378.0 0.0
22064.0 0.0
22073.0 0.0
25822.0 0.0
26672.0 0.0
25358.0 0.0
21613.0 0.0
22579.0 0.0
27721.0 0.0
30513.0 0.0
29928.0 0.0
25882.0 0.0
26493.0 0.0
30225.0 0.0
31882.0 0.0
31626.0 0.0
27529.0 0.0
27488.0 0.0
32240.0 0.0
34364.0 0.0
33158.0 0.0
28805.0 0.0
29151.0 0.0
32496.0 0.0
34476.0 0.0
33408.0 0.0
29247.0 0.0
32000.0 0.0
42346.0 0.0
52865.0 0.0
57109.0 0.0
52961.0 0.0
40629.0 0.0
17641.0 0.0
2626.0 0.0
422.0 0.0
112.0 0.0
74.0 0.0
83.0 0.0
58.0 0.0
74.0 0.0
758.0 0.0
20471.0 0.0
38991.0 0.0
42928.0 0.0
41598.0 0.0
36193.0 0.0
31524.0 0.0
32835.0 0.0
34863.0 0.0
35266.0 0.0
30907.0 0.0
29813.0 0.0
33807.0 0.0
35723.0 0.0
35202.0 0.0
30177.0 0.0
28159.0 0.0
31812.0 0.0
33612.0 0.0
33040.0 0.0
28498.0 0.0
26730.0 0.0
30395.0 0.0
32531.0 0.0
32103.0 0.0
27593.0 0.0
25527.0 0.0
28623.0 0.0
30548.0 0.0
30980.0 0.0
27168.0 0.0
24549.0 0.0
27734.0 0.0
30347.0 0.0
30555.0 0.0
25905.0 0.0
23960.0 0.0
27181.0 0.0
29851.0 0.0
30203.0 0.0
25668.0 0.0
23317.0 0.0
26832.0 0.0
28287.0 0.0
26823.0 0.0
21635.0 0.0
21811.0 0.0
25630.0 0.0
27126.0 0.0
25627.0 0.0
20385.0 0.0
19975.0 0.0
23631.0 0.0
25089.0 0.0
23583.0 0.0
18594.0 0.0
17897.0 0.0
21037.0 0.0
22572.0 0.0
21120.0 0.0
16486.0 0.0
15991.0 0.0
19281.0 0.0
20960.0 0.0
19662.0 0.0
14497.0 0.0
12466.0 0.0
15022.0 0.0
15888.0 0.0
14833.0 0.0
10803.0 0.0
11974.0 0.0
17497.0 0.0
21495.0 0.0
23551.0 0.0
21232.0 0.0
21917.0 0.0
27561.0 0.0
31738.0 0.0
32778.0 0.0
29746.0 0.0
30190.0 0.0
34895.0 0.0
37306.0 0.0
37306.0 0.0
33344.0 0.0
32381.0 0.0
36295.0 0.0
38435.0 0.0
37898.0 0.0
34031.0 0.0
32829.0 0.0
36200.0 0.0
37962.0 0.0
37434.0 0.0
32701.0 0.0
30801.0 0.0
