-124 -3
-96 -3
-107 -3
-124 -3
-118 -3
-118 -3
-111 -3
-128 -3
-129 -3
-118 -3
-119 -3
-116 -3
-107 -3
-106 -3
-109 -3
-135 -3
-101 -3
-90 -3
-98 -3
-109 -3
-111 -3
-75 -3
-74 -3
-80 -3
-102 -3
-99 -3
-69 -3
-61 -3
-106 -3
-110 -3
-97 -4
-71 -3
-60 -3
-63 -3
-79 -3
-75 -3
-61 -3
-67 -3
-74 -3
-72 -3
-73 -3
-58 -3
-49 -3
-55 -3
-74 -3
-62 -3
-49 -3
-58 -3
-68 -3
-51 -3
-47 -3
-23 -3
-43 -3
-69 -3
-63 -3
-64 -3
-36 -3
-34 -3
-41 -3
-50 -3
-52 -3
-26 -3
-24 -3
-42 -3
-54 -3
-44 -3
-15 -3
-28 -3
-38 -3
-38 -3
-31 -3
-11 -3
-16 -3
-37 -3
-38 -3
-30 -3
-18 -3
-24 -4
-37 -3
-34 -3
-27 -3
-9 -3
-12 -3
-18 -3
-7 -3
-11 -3
-20 -3
-12 -3
-21 -3
-17 -3
-9 -3
7 -3
5 -3
-9 -3
-14 -3
-16 -3
8 -4
14 -3
-5 -3
-4 -3
-2 -3
4 -3
-6 -3
-18 -3
-6 -3
3 -3
26 -3
28 -3
-2 -3
-17 -3
-16 -3
14 -3
12 -3
1 -3
-11 -3
-6 -3
23 -3
20 -3
9 -3
5 -3
9 -3
28 -3
27 -3
1 -3
4 -3
11 -3
21 -3
17 -3
20 -3
25 -3
14 -3
31 -4
36 -3
25 -3
16 -3
12 -3
37 -3
36 -3
25 -3
16 -3
17 -3
45 -3
51 -3
38 -3
23 -3
18 -3
29 -3
34 -3
34 -3
36 -3
36 -3
43 -4
43 -3
29 -3
25 -3
28 -3
42 -3
51 -3
50 -3
45 -3
32 -3
46 -3
45 -3
33 -3
29 -3
35 -3
62 -3
62 -3
43 -3
30 -3
33 -3
54 -3
44 -3
36 -3
29 -3
30 -3
49 -4
39 -3
42 -3
48 -3
51 -3
68 -3
52 -3
33 -3
27 -3
31 -3
45 -3
49 -3
47 -3
45 -3
45 -3
60 -3
47 -3
33 -3
40 -3
35 -3
47 -3
57 -3
47 -3
40 -3
34 -3
61 -3
65 -3
51 -3
44 -3
47 -3
68 -3
60 -3
60 -3
58 -3
52 -3
57 -3
57 -3
45 -3
45 -3
44 -3
59 -3
52 -3
47 -3
53 -3
51 -3
68 -3
61 -3
48 -3
48 -3
48 -3
70 -3
63 -3
48 -3
55 -3
53 -3
70 -3
61 -3
47 -3
47 -3
53 -3
72 -3
61 -3
51 -3
43 -3
42 -3
64 -3
59 -3
53 -3
56 -3
54 -3
75 -3
71 -3
53 -3
51 -3
50 -3
70 -3
65 -3
57 -3
55 -3
53 -3
62 -3
56 -3
53 -3
54 -3
43 -3
49 -3
50 -3
46 -3
54 -3
55 -3
74 -3
67 -3
58 -3
57 -3
53 -3
64 -3
60 -3
47 -3
45 -3
44 -3
60 -3
60 -3
49 -3
54 -3
61 -3
84 -3
71 -3
47 -3
46 -3
49 -3
66 -3
61 -3
56 -3
59 -3
57 -3
67 -3
65 -3
52 -3
45 -3
47 -3
66 -3
69 -3
53 -3
46 -3
46 -3
67 -3
64 -3
62 -3
61 -3
50 -3
66 -3
69 -3
63 -3
56 -3
54 -3
73 -3
72 -3
62 -3
59 -3
54 -3
79 -3
74 -3
56 -3
47 -3
49 -3
71 -3
76 -3
62 -3
56 -3
62 -3
77 -3
74 -3
63 -3
57 -3
46 -3
66 -3
72 -4
67 -3
66 -3
62 -3
84 -3
93 -3
72 -3
73 -3
62 -3
92 -3
94 -3
100 -3
87 -3
87 -3
112 -3
118 -3
129 -3
144 -3
155 -3
190 -3
188 -3
171 -3
167 -3
160 -3
173 -3
188 -3
166 -3
156 -3
162 -3
197 -3
217 -3
231 -3
223 -3
251 -3
301 -3
322 -3
336 -3
341 -3
343 -3
352 -3
338 -3
320 -3
309 -3
292 -3
293 -3
283 -3
263 -3
250 -3
223 -3
227 -3
218 -3
197 -3
182 -3
173 -3
178 -3
164 -3
152 -3
125 -3
116 -3
133 -3
118 -3
105 -3
94 -3
79 -3
88 -3
79 -4
62 -3
53 -3
45 -3
67 -3
53 -3
35 -3
25 -3
23 -3
40 -3
32 -3
25 -3
30 -3
15 -3
29 -3
16 -3
17 -3
13 -3
1 -3
16 -3
14 -3
7 -3
3 -3
0 -3
18 -3
15 -3
7 -3
9 -3
1 -3
22 -3
20 -3
11 -3
6 -3
-2 -3
18 -3
19 -3
9 -3
12 -3
18 -3
29 -3
18 -3
6 -3
-1 -3
1 -3
23 -3
16 -3
7 -3
10 -3
19 -3
27 -3
25 -3
8 -3
5 -3
15 -3
31 -3
25 -3
17 -3
16 -3
22 -3
37 -3
28 -3
19 -3
7 -3
9 -3
24 -3
27 -3
22 -3
14 -3
10 -3
33 -3
42 -3
38 -3
18 -3
8 -3
27 -4
27 -3
29 -3
31 -3
36 -3
46 -3
47 -3
25 -3
21 -3
16 -3
38 -3
46 -3
36 -3
33 -3
33 -3
52 -3
58 -3
47 -3
44 -3
41 -3
57 -3
49 -3
43 -3
39 -3
37 -3
59 -3
60 -3
41 -3
34 -3
29 -3
42 -3
45 -3
37 -3
45 -3
49 -3
62 -3
55 -3
38 -3
36 -3
37 -3
58 -3
57 -3
59 -3
59 -3
55 -3
56 -3
47 -3
36 -3
36 -3
35 -3
60 -3
55 -3
49 -3
46 -3
51 -3
57 -4
51 -3
44 -3
49 -3
51 -3
61 -3
59 -3
50 -3
54 -3
55 -3
73 -3
71 -3
57 -3
51 -3
52 -3
70 -3
63 -3
57 -3
64 -3
55 -3
69 -3
70 -3
61 -3
53 -3
54 -3
82 -3
87 -3
67 -3
56 -3
58 -3
77 -3
67 -3
63 -3
57 -3
55 -3
74 -3
78 -3
74 -3
74 -3
61 -3
75 -3
75 -3
70 -3
74 -3
71 -3
94 -3
91 -3
78 -3
69 -3
66 -3
80 -3
75 -3
77 -3
87 -3
90 -3
110 -3
88 -3
79 -3
83 -3
89 -3
103 -3
103 -3
93 -3
79 -3
73 -3
103 -3
93 -3
78 -3
72 -3
74 -3
96 -3
95 -3
85 -3
80 -3
80 -3
96 -3
80 -3
67 -3
78 -3
89 -3
107 -3
100 -3
81 -3
79 -3
81 -3
96 -3
93 -3
87 -3
82 -3
77 -3
96 -3
91 -3
85 -3
85 -3
87 -3
106 -3
96 -3
83 -3
83 -3
94 -3
118 -3
105 -3
86 -3
76 -3
74 -3
92 -3
90 -3
84 -3
88 -3
89 -3
99 -3
96 -3
86 -3
87 -3
75 -3
88 -3
83 -3
74 -3
69 -3
72 -3
94 -3
84 -3
78 -3
73 -3
72 -3
84 -3
74 -3
73 -3
78 -3
83 -3
98 -3
100 -3
97 -3
91 -3
88 -3
109 -3
94 -3
85 -3
79 -3
83 -3
104 -3
98 -3
82 -3
78 -3
78 -3
97 -3
91 -3
86 -3
89 -3
93 -3
103 -3
96 -3
88 -3
88 -3
79 -3
97 -3
96 -3
86 -3
81 -3
79 -3
97 -3
104 -3
93 -3
89 -3
88 -3
98 -3
93 -3
91 -3
91 -3
91 -3
110 -3
98 -3
78 -3
79 -3
86 -3
110 -3
108 -3
102 -3
87 -3
75 -3
92 -3
87 -3
80 -3
84 -3
86 -3
105 -3
101 -3
89 -3
98 -3
90 -3
100 -3
92 -3
84 -3
78 -3
77 -3
103 -3
102 -3
93 -3
86 -3
75 -3
91 -3
90 -3
78 -3
74 -3
78 -3
96 -3
90 -3
76 -3
70 -3
69 -3
103 -3
98 -3
69 -3
68 -3
69 -3
94 -4
90 -3
76 -3
79 -3
75 -3
87 -3
81 -3
79 -3
84 -2
83 -3
82 -3
79 -3
65 -3
61 -3
66 -3
82 -3
83 -3
79 -3
75 -3
70 -3
86 -3
77 -3
64 -3
73 -3
70 -3
93 -3
93 -3
69 -3
61 -3
61 -3
81 -3
73 -3
72 -3
73 -3
66 -3
77 -3
64 -3
66 -3
65 -3
67 -3
91 -3
82 -3
65 -3
60 -3
61 -3
78 -3
77 -3
74 -3
70 -3
59 -3
67 -3
61 -3
56 -3
53 -3
53 -3
74 -3
64 -3
53 -3
53 -3
64 -3
88 -3
62 -3
34 -3
35 -3
39 -3
64 -3
59 -3
64 -3
48 -3
44 -3
69 -3
63 -3
54 -3
48 -3
48 -3
67 -3
62 -3
50 -3
52 -3
53 -3
63 -3
50 -3
39 -3
32 -3
39 -3
68 -3
60 -3
52 -3
56 -3
49 -3
61 -3
56 -3
37 -3
32 -3
38 -3
58 -3
61 -3
46 -3
30 -3
23 -3
45 -3
44 -3
37 -3
31 -3
41 -3
56 -3
50 -3
42 -3
40 -3
34 -3
49 -3
44 -3
41 -3
35 -3
32 -3
50 -3
34 -3
30 -3
33 -3
32 -3
49 -3
41 -3
37 -3
39 -3
42 -3
44 -3
32 -3
27 -3
34 -3
41 -3
55 -3
37 -3
24 -3
25 -2
22 -3
29 -3
38 -3
37 -3
31 -3
25 -3
39 -3
37 -3
34 -3
29 -3
23 -3
40 -3
35 -3
28 -3
20 -3
20 -3
40 -3
34 -3
12 -3
9 -3
11 -3
32 -3
27 -3
16 -3
12 -3
12 -3
36 -3
30 -3
17 -3
15 -3
7 -3
26 -3
23 -3
13 -3
10 -3
10 -3
28 -3
19 -3
12 -3
15 -3
17 -3
34 -3
22 -3
10 -3
0 -3
-3 -3
20 -3
11 -3
7 -3
5 -3
5 -3
23 -3
16 -3
8 -3
4 -3
-8 -3
10 -3
12 -3
7 -3
-2 -3
-6 -3
20 -3
15 -3
13 -3
24 -3
11 -3
9 -3
2 -3
1 -3
7 -3
7 -4
24 -3
11 -4
-5 -3
-9 -3
-6 -3
12 -3
9 -3
4 -3
-4 -3
-7 -3
8 -3
3 -3
-8 -3
-13 -3
-1 -3
26 -3
24 -3
-4 -3
-12 -3
-16 -3
4 -3
5 -3
6 -3
6 -3
4 -3
11 -3
3 -3
-6 -3
-13 -3
-18 -3
-2 -3
-1 -3
-4 -3
-8 -3
-8 -3
2 -3
-9 -3
-12 -3
-14 -3
-13 -3
0 -3
-4 -3
-13 -3
-13 -3
-16 -3
1 -4
-5 -3
-19 -3
-22 -3
-19 -3
3 -3
-7 -3
-15 -3
-23 -3
-7 -3
6 -3
-25 -3
-26 -3
-22 -3
-17 -3
0 -3
-8 -3
-18 -3
-25 -3
-25 -3
1 -3
-7 -3
-23 -3
-16 -3
-18 -3
-15 -3
-21 -3
-24 -3
-25 -3
