-21 -2
-36 -3
-33 -3
-7 -3
-7 -3
-15 -3
-25 -3
-31 -3
-17 -3
-10 -3
-4 -3
-15 -3
-19 -3
-19 -3
-14 -3
-15 -3
-21 -3
-41 -3
-33 -3
-15 -3
-5 -3
-14 -3
-39 -3
-29 -3
-10 -3
-2 -3
-22 -3
-35 -3
-22 -3
-17 -3
-15 -3
-17 -3
-29 -3
-20 -3
-6 -3
-8 -3
-18 -3
-27 -3
-22 -3
-20 -3
-21 -3
-29 -3
-28 -3
-13 -3
-7 -3
-6 -3
-10 -3
-20 -3
-12 -3
-7 -3
6 -3
-9 -3
-32 -3
-20 -3
-3 -3
1 -3
-15 -3
-25 -3
-18 -3
-5 -3
-1 -3
-8 -3
-26 -3
-20 -3
-13 -3
-6 -3
-1 -3
-12 -3
-22 -3
-22 -3
-12 -3
-19 -3
-21 -3
-14 -3
-17 -3
-6 -3
-5 -3
-18 -3
-9 -3
2 -3
-3 -3
-8 -3
-29 -3
-27 -3
-9 -3
-8 -3
-26 -3
-43 -3
-35 -3
-16 -3
-15 -3
-22 -3
-30 -3
-20 -3
-7 -3
-18 -3
-34 -3
-38 -3
-32 -3
-23 -3
-29 -3
-36 -3
-43 -4
-30 -3
-21 -3
-19 -3
-38 -3
-51 -3
-23 -3
-23 -3
-17 -3
-17 -3
-37 -3
-29 -3
-20 -3
-14 -3
-31 -3
-39 -3
-25 -3
-27 -3
-28 -3
-30 -3
-44 -3
-31 -3
-21 -3
-19 -3
-32 -3
-50 -3
-41 -3
-23 -3
-23 -3
-33 -3
-46 -3
-33 -3
-23 -3
-25 -3
-32 -3
-41 -3
-42 -3
-27 -3
-20 -3
-19 -3
-34 -3
-28 -3
-19 -3
-21 -3
-35 -3
-41 -4
-29 -3
-21 -3
-13 -3
-24 -3
-35 -3
-26 -3
-23 -3
-18 -3
-33 -3
-48 -3
-37 -3
-20 -3
-20 -3
-24 -3
-52 -3
-43 -3
-38 -3
-29 -3
-33 -3
-44 -3
-39 -3
-23 -3
-13 -3
-36 -3
-50 -3
-39 -3
-26 -3
-27 -3
-38 -3
-51 -3
-41 -3
-34 -3
-33 -3
-33 -3
-49 -3
-35 -3
-26 -3
-30 -3
-42 -3
-49 -3
-31 -3
-25 -3
-28 -3
-37 -3
-49 -3
-52 -3
-36 -3
-25 -3
-30 -3
-44 -3
-39 -3
-30 -3
-28 -3
-27 -3
-34 -3
-29 -3
-29 -3
-32 -3
-38 -3
-56 -4
-42 -3
-30 -3
-27 -3
-40 -3
-50 -3
-34 -3
-26 -3
-43 -3
-55 -3
-66 -3
-50 -3
-36 -3
-43 -3
-45 -3
-54 -3
-35 -3
-24 -3
-27 -3
-37 -3
-50 -3
-45 -3
-29 -3
-34 -3
-36 -3
-44 -3
-39 -3
-28 -3
-25 -3
-41 -3
-46 -3
-35 -3
-36 -3
-49 -3
-50 -3
-63 -3
-42 -3
-29 -3
-33 -3
-45 -4
-52 -4
-49 -3
-37 -3
-50 -3
-64 -3
-79 -4
-84 -3
-91 -3
-106 -3
-124 -3
-136 -3
-128 -3
-124 -3
-128 -3
-131 -3
-137 -3
-130 -3
-118 -3
-111 -3
-122 -3
-132 -4
-112 -3
-97 -3
-97 -3
-99 -3
-117 -3
-105 -3
-101 -3
-94 -3
-99 -3
-115 -3
-120 -3
-102 -3
-100 -3
-105 -3
-133 -3
-125 -3
-100 -3
-91 -3
-139 -3
-150 -3
-126 -3
-108 -3
-94 -3
-112 -3
-160 -4
-136 -3
-111 -3
-103 -3
-125 -3
-134 -3
-116 -3
-134 -3
-139 -3
-129 -3
-111 -3
-110 -3
-115 -3
-123 -3
-137 -3
-147 -3
-138 -3
-124 -3
-135 -3
-138 -3
-166 -3
-147 -3
-136 -3
-148 -3
-136 -3
-139 -3
-145 -3
-134 -3
-121 -3
-121 -3
-156 -3
-131 -3
-110 -3
-119 -3
-140 -3
-158 -3
-146 -3
-135 -3
-130 -3
-143 -3
-153 -3
-142 -3
-134 -3
-129 -3
-131 -3
-141 -3
-125 -3
-119 -3
-131 -3
-143 -3
-155 -3
-141 -3
-124 -3
-131 -3
-132 -3
-136 -3
-116 -3
-99 -3
-87 -3
-99 -3
-123 -3
-124 -3
-108 -3
-91 -3
-89 -3
-118 -3
-116 -4
-110 -3
-103 -3
-109 -4
-118 -4
-102 -3
-93 -3
-88 -3
-109 -3
-132 -4
-99 -3
-72 -3
-93 -3
-117 -3
-126 -4
-114 -3
-95 -3
-80 -3
-78 -4
-99 -3
-98 -3
-96 -3
-97 -3
-99 -4
-104 -4
-82 -3
-57 -3
-69 -3
-99 -4
-98 -4
-76 -3
-86 -3
-74 -3
-69 -3
-80 -3
-80 -3
-101 -3
-103 -3
-88 -3
-98 -3
-93 -3
-83 -3
-81 -3
-90 -3
-90 -3
-48 -3
-83 -3
-92 -3
-98 -3
-106 -3
-94 -3
-79 -3
-71 -3
-91 -3
-95 -3
-79 -3
-72 -3
-69 -3
-61 -3
-88 -3
-90 -3
-67 -3
-70 -3
-84 -3
-88 -3
-76 -3
-71 -3
-64 -3
-71 -3
-92 -3
-85 -3
-72 -3
-69 -3
-69 -3
-83 -3
-74 -3
-62 -3
-57 -3
-70 -3
-77 -3
-73 -3
-73 -3
-62 -3
-50 -3
-63 -3
-67 -3
-58 -3
-53 -3
-71 -3
-83 -3
-65 -3
-48 -3
-51 -3
-63 -3
-65 -3
-64 -3
-60 -3
-55 -3
-59 -3
-74 -3
-58 -3
-37 -3
-46 -3
-79 -3
-71 -3
-48 -3
-33 -3
-34 -3
-51 -3
-65 -3
-46 -3
-32 -3
-40 -3
-48 -3
-54 -3
-47 -3
-41 -3
-31 -3
-32 -3
-39 -3
-19 -3
-32 -3
-50 -3
-51 -3
-42 -3
-28 -3
-18 -3
-18 -3
-42 -3
-59 -3
-40 -3
-22 -3
-22 -3
-44 -3
-57 -3
-34 -3
-4 -3
-26 -3
-44 -3
-41 -3
-28 -3
-25 -3
-20 -3
-23 -4
-25 -3
-14 -3
-11 -3
-16 -3
-13 -3
-27 -3
-23 -3
-12 -3
-5 -3
-19 -3
-38 -3
-20 -3
-4 -3
-9 -3
-16 -3
-12 -3
0 -3
-12 -3
-13 -3
-18 -3
-26 -4
-8 -3
3 -3
1 -3
1 -3
-8 -3
6 -3
6 -3
7 -3
-10 -3
-16 -3
16 -3
23 -3
8 -3
4 -3
-6 -3
7 -3
17 -3
8 -3
5 -3
1 -3
14 -3
24 -3
23 -3
16 -3
10 -3
14 -3
20 -3
26 -3
18 -3
3 -3
11 -3
17 -3
15 -3
15 -3
18 -3
26 -3
25 -3
21 -3
29 -3
32 -3
23 -2
24 -3
19 -3
1 -3
12 -3
29 -3
38 -3
30 -3
22 -3
13 -3
33 -3
41 -3
50 -4
35 -3
14 -3
27 -3
45 -3
56 -3
38 -3
31 -3
55 -3
90 -3
106 -3
111 -3
111 -3
146 -3
164 -3
179 -3
180 -3
173 -3
174 -3
172 -3
170 -3
157 -3
153 -3
166 -3
165 -3
150 -3
138 -3
126 -3
137 -3
141 -3
137 -3
123 -3
115 -3
126 -3
127 -3
115 -3
110 -3
113 -3
124 -3
129 -3
129 -3
117 -3
105 -4
124 -3
126 -3
112 -3
87 -3
90 -3
111 -3
109 -3
116 -3
114 -4
89 -3
96 -3
109 -3
119 -3
113 -3
90 -3
96 -3
106 -3
123 -3
93 -3
69 -3
89 -3
103 -3
101 -3
89 -3
69 -4
86 -3
100 -3
107 -3
97 -3
94 -3
90 -3
90 -3
91 -3
67 -3
66 -3
72 -3
78 -3
96 -3
73 -3
58 -3
74 -3
89 -3
91 -3
66 -3
59 -3
78 -3
83 -3
76 -3
86 -3
85 -3
62 -3
53 -3
60 -3
73 -3
76 -3
74 -3
78 -3
78 -3
64 -3
70 -3
67 -3
54 -3
85 -3
67 -3
53 -3
70 -3
73 -3
76 -3
52 -4
57 -3
63 -3
75 -3
76 -3
67 -3
49 -4
53 -3
84 -3
80 -3
58 -3
60 -3
59 -3
64 -3
85 -3
76 -3
49 -3
56 -3
68 -3
59 -3
47 -3
50 -3
62 -3
67 -3
54 -3
33 -3
37 -4
53 -3
65 -3
72 -3
69 -3
51 -3
68 -3
62 -3
46 -3
40 -3
40 -3
51 -3
64 -3
48 -3
44 -3
43 -3
46 -3
55 -3
58 -3
67 -3
30 -3
46 -3
56 -3
54 -3
31 -3
32 -3
61 -3
66 -3
43 -3
32 -3
36 -3
46 -3
46 -3
69 -3
70 -3
40 -3
39 -3
47 -3
52 -3
38 -3
40 -3
59 -3
55 -3
48 -3
34 -3
24 -3
30 -3
49 -3
58 -3
63 -3
45 -3
53 -3
64 -3
66 -3
49 -3
29 -4
43 -3
62 -3
63 -3
52 -3
52 -4
58 -3
69 -3
75 -3
53 -4
47 -3
55 -3
53 -3
48 -3
31 -3
28 -3
51 -3
53 -3
56 -3
48 -3
36 -3
42 -3
60 -3
50 -3
23 -3
15 -3
38 -3
49 -3
48 -4
26 -3
18 -3
32 -3
47 -3
35 -3
15 -3
14 -3
29 -3
38 -3
33 -3
25 -3
33 -4
47 -3
40 -3
28 -3
14 -4
17 -4
38 -3
47 -3
34 -3
15 -3
14 -3
35 -3
34 -3
29 -3
16 -3
14 -3
28 -3
37 -3
32 -3
32 -3
20 -3
25 -3
32 -3
38 -3
22 -3
14 -3
22 -3
27 -3
32 -3
21 -3
11 -3
23 -3
38 -3
39 -3
24 -3
16 -3
36 -3
39 -3
32 -3
17 -3
30 -3
40 -3
42 -3
35 -3
23 -3
19 -3
31 -3
36 -3
33 -3
17 -3
11 -3
20 -3
36 -3
36 -3
17 -3
17 -3
30 -3
39 -3
43 -3
20 -3
17 -3
33 -3
42 -3
38 -3
20 -3
11 -3
21 -3
36 -3
35 -3
24 -3
20 -3
37 -3
37 -3
29 -3
24 -3
13 -3
20 -3
29 -3
20 -3
10 -3
1 -3
21 -3
44 -3
37 -3
20 -3
11 -3
28 -3
38 -3
35 -3
22 -3
16 -3
36 -3
42 -3
48 -3
21 -3
4 -3
17 -3
25 -3
35 -3
15 -3
12 -3
22 -3
26 -3
33 -3
8 -3
13 -3
28 -3
34 -3
14 -3
11 -3
12 -3
32 -3
25 -3
20 -3
10 -3
6 -3
22 -3
41 -3
41 -3
18 -3
6 -3
32 -3
36 -3
32 -3
11 -3
6 -3
26 -3
22 -3
25 -3
12 -3
6 -3
28 -3
40 -3
38 -3
14 -3
7 -4
12 -3
20 -3
28 -3
-7 -3
-9 -3
15 -3
23 -3
32 -3
4 -3
-8 -3
6 -3
20 -3
25 -3
7 -3
7 -3
24 -3
34 -3
36 -3
0 -3
-10 -3
4 -3
14 -3
14 -3
-1 -3
-3 -3
10 -3
22 -3
11 -3
-10 -3
-10 -3
-1 -3
4 -3
0 -3
-13 -3
-16 -3
0 -3
7 -3
6 -3
-3 -3
-9 -3
-1 -3
6 -3
10 -3
0 -3
-6 -3
4 -3
9 -3
10 -3
-4 -3
-16 -3
1 -3
14 -3
10 -3
-4 -3
-15 -3
-7 -3
-10 -3
-6 -3
-14 -3
-15 -3
4 -3
8 -3
12 -3
-2 -3
-10 -3
11 -3
25 -3
28 -3
24 -3
22 -3
34 -3
52 -3
62 -3
51 -3
54 -3
81 -3
104 -3
