-211 -3
-198 -3
-195 -3
-218 -3
-207 -3
-208 -3
-205 -3
-204 -3
-206 -4
-213 -4
-210 -3
-193 -3
-184 -3
-157 -3
-181 -3
-223 -3
-226 -3
-202 -3
-183 -3
-206 -3
-209 -3
-182 -3
-185 -3
-210 -3
-209 -3
-206 -3
-206 -3
-193 -3
-192 -3
-190 -3
-197 -3
-206 -3
-199 -3
-185 -3
-169 -3
-173 -3
-194 -3
-200 -3
-181 -3
-171 -3
-154 -3
-179 -3
-201 -3
-182 -3
-180 -3
-172 -3
-172 -3
-156 -4
-148 -3
-153 -3
-159 -3
-155 -3
-153 -3
-149 -3
-134 -3
-146 -3
-154 -3
-149 -3
-135 -3
-140 -3
-146 -3
-152 -3
-150 -3
-152 -3
-134 -3
-132 -3
-156 -3
-156 -3
-151 -3
-145 -3
-136 -3
-126 -3
-129 -3
-130 -3
-135 -3
-122 -3
-120 -3
-107 -3
-130 -3
-145 -3
-136 -3
-115 -3
-107 -4
-120 -3
-126 -3
-119 -3
-119 -3
-114 -3
-116 -3
-102 -3
-109 -3
-115 -3
-101 -3
-98 -3
-101 -3
-112 -3
-112 -3
-103 -3
-101 -3
-93 -3
-90 -3
-86 -3
-83 -3
-99 -3
-92 -3
-85 -3
-97 -3
-111 -3
-91 -3
-96 -3
-117 -3
-100 -3
-102 -3
-101 -3
-96 -3
-89 -3
-105 -3
-106 -3
-109 -3
-111 -3
-110 -3
-97 -3
-79 -3
-78 -3
-105 -3
-118 -3
-115 -3
-94 -3
-97 -3
-107 -3
-93 -3
-68 -3
-94 -3
-96 -3
-62 -3
-55 -3
-52 -3
-61 -3
-62 -3
-41 -3
-22 -3
-37 -3
-13 -3
17 -3
32 -3
60 -3
79 -3
98 -3
125 -3
128 -3
117 -3
117 -3
126 -3
124 -3
102 -3
77 -3
72 -3
69 -3
63 -3
54 -3
36 -3
27 -3
15 -3
10 -3
8 -3
9 -3
-4 -3
-20 -3
-24 -3
-15 -3
-16 -3
-17 -3
-20 -3
-17 -3
-16 -3
-24 -3
-30 -3
-33 -3
-34 -3
-37 -3
-31 -3
-22 -3
-40 -3
-47 -3
-33 -3
-19 -3
-32 -3
-29 -3
-29 -3
-38 -3
-39 -3
-33 -3
-36 -3
-32 -3
-44 -3
-44 -3
-49 -3
-48 -3
-43 -3
-39 -3
-45 -3
-34 -3
-40 -3
-38 -3
-43 -3
-52 -3
-43 -3
-44 -3
-38 -3
-37 -3
-36 -3
-25 -3
-28 -3
-34 -3
-41 -3
-33 -3
-26 -3
-28 -3
-33 -3
-34 -3
-32 -3
-36 -3
-34 -3
-20 -3
-22 -3
-22 -3
-27 -3
-24 -3
-17 -3
-18 -3
-25 -3
-20 -3
-35 -3
-34 -3
-29 -3
-16 -3
-15 -3
-9 -3
-10 -3
-19 -3
-10 -3
-11 -3
-13 -3
-7 -3
-5 -3
-18 -3
-8 -3
0 -3
-17 -3
-20 -3
-7 -3
0 -3
-3 -3
-7 -3
-6 -3
-8 -3
-16 -3
-9 -3
-8 -3
-13 -3
-5 -2
-13 -3
-15 -3
-8 -3
2 -3
5 -3
-1 -3
-8 -3
-8 -3
-7 -3
-1 -3
0 -3
-3 -3
2 -3
-7 -3
0 -3
10 -3
5 -3
1 -3
-6 -3
-10 -3
-7 -3
3 -3
-3 -3
-4 -3
4 -3
14 -3
17 -3
8 -3
4 -3
7 -3
2 -3
9 -3
14 -3
10 -3
-2 -3
-12 -3
3 -3
11 -3
12 -3
3 -3
1 -3
6 -3
13 -3
13 -3
15 -3
15 -3
8 -3
3 -3
2 -3
9 -3
16 -3
6 -3
10 -3
15 -3
16 -3
13 -3
18 -3
31 -3
25 -3
13 -3
6 -3
14 -3
12 -3
17 -3
29 -3
33 -3
24 -3
20 -3
22 -3
17 -3
15 -3
14 -3
12 -3
22 -3
30 -3
31 -3
16 -3
2 -3
0 -3
13 -3
18 -3
20 -3
20 -3
23 -3
36 -3
28 -3
13 -3
13 -3
14 -3
19 -3
17 -3
17 -3
22 -3
18 -3
28 -3
15 -3
12 -3
19 -3
25 -3
21 -3
18 -3
22 -3
28 -3
24 -3
28 -3
35 -3
34 -4
21 -3
16 -3
22 -3
16 -3
8 -3
10 -3
17 -3
18 -3
19 -3
22 -3
21 -3
22 -3
25 -3
28 -3
25 -3
18 -3
20 -3
23 -3
23 -3
25 -3
24 -3
26 -3
31 -3
21 -3
23 -3
23 -3
23 -3
20 -3
15 -3
9 -3
7 -3
3 -3
7 -3
16 -3
24 -3
22 -3
23 -3
22 -3
29 -3
33 -3
20 -3
15 -3
14 -3
13 -3
14 -3
12 -3
18 -3
19 -3
19 -3
10 -3
2 -3
-3 -3
-7 -3
-3 -3
5 -3
8 -3
24 -3
33 -3
33 -3
38 -3
34 -3
29 -3
19 -4
25 -4
25 -3
26 -3
16 -3
24 -3
17 -3
18 -3
21 -3
23 -3
13 -3
12 -3
16 -3
18 -3
17 -3
23 -3
19 -3
24 -3
24 -3
25 -3
24 -3
35 -3
37 -3
32 -3
27 -3
18 -3
13 -3
15 -3
17 -3
21 -3
29 -3
38 -3
36 -3
38 -3
34 -3
33 -3
26 -3
27 -3
24 -3
29 -3
34 -3
38 -3
36 -3
25 -3
18 -3
12 -3
13 -3
22 -3
23 -3
26 -3
33 -3
31 -3
21 -3
20 -3
21 -3
24 -3
28 -3
35 -3
33 -3
34 -3
42 -3
46 -3
35 -3
29 -3
25 -3
24 -3
20 -3
27 -4
30 -3
31 -3
30 -3
31 -3
36 -3
31 -3
31 -3
28 -3
18 -3
24 -3
27 -4
27 -3
30 -3
34 -3
26 -3
27 -3
32 -3
39 -3
40 -3
32 -3
29 -3
27 -3
33 -3
38 -3
44 -3
33 -3
33 -3
27 -3
26 -3
27 -3
24 -3
32 -3
33 -3
30 -3
32 -3
33 -3
29 -3
30 -3
32 -3
32 -3
32 -3
26 -2
34 -3
21 -3
20 -3
27 -3
24 -3
41 -3
51 -3
57 -3
52 -3
49 -3
50 -3
55 -3
88 -3
93 -3
107 -3
136 -3
185 -3
221 -3
260 -3
299 -3
304 -3
321 -3
333 -3
345 -3
337 -3
326 -3
324 -3
301 -3
280 -3
269 -3
247 -3
225 -3
203 -3
191 -3
186 -3
174 -3
155 -3
138 -3
122 -3
120 -3
107 -3
88 -3
78 -3
64 -3
59 -3
55 -3
43 -3
35 -3
32 -3
21 -3
12 -3
16 -3
5 -3
-1 -3
-3 -3
-5 -3
-6 -3
-2 -3
-4 -3
-20 -3
-25 -3
-17 -3
-16 -3
-21 -3
-26 -3
-30 -3
-25 -3
-21 -3
-17 -3
-27 -3
-32 -3
-33 -3
-26 -3
-27 -3
-26 -3
-29 -3
-28 -3
-29 -3
-31 -3
-30 -3
-31 -3
-33 -3
-32 -3
-25 -3
-26 -3
-21 -3
-21 -3
-23 -3
-17 -3
-22 -3
-15 -3
-3 -3
-3 -3
-9 -3
3 -2
21 -3
37 -3
16 -3
27 -3
64 -3
109 -3
153 -3
209 -3
247 -3
276 -3
318 -3
331 -3
327 -3
331 -3
323 -3
317 -3
305 -3
290 -3
278 -3
256 -3
245 -3
227 -3
211 -3
186 -3
162 -3
147 -3
121 -3
102 -3
93 -3
77 -3
62 -3
58 -3
42 -3
28 -3
27 -3
17 -3
6 -3
-7 -3
-16 -3
-21 -3
-20 -3
-29 -3
-37 -3
-43 -3
-38 -3
-36 -3
-49 -3
-53 -3
-58 -3
-60 -3
-61 -3
-61 -3
-63 -3
-67 -3
-58 -3
-54 -3
-58 -3
-59 -3
-59 -3
-61 -3
-58 -3
-56 -3
-60 -3
-65 -3
-75 -3
-77 -3
-81 -3
-76 -3
-71 -3
-68 -3
-66 -3
-59 -3
-63 -3
-73 -3
-67 -3
-61 -3
-58 -3
-57 -3
-67 -3
-72 -3
-73 -3
-76 -3
-72 -3
-72 -3
-64 -3
-53 -3
-56 -3
-58 -3
-63 -3
-64 -3
-61 -3
-60 -3
-65 -3
-55 -3
-57 -3
-61 -3
-64 -3
-54 -3
-52 -3
-53 -3
-49 -3
-46 -3
-44 -3
-46 -3
-47 -3
-55 -3
-50 -3
-42 -3
-32 -3
-39 -3
-50 -3
-45 -3
-45 -3
-45 -3
-50 -3
-40 -3
-47 -3
-48 -3
-47 -3
-47 -3
-42 -3
-40 -3
-41 -3
-31 -3
-37 -3
-48 -3
-48 -3
-45 -3
-43 -3
-41 -3
-40 -3
-35 -3
-42 -3
-42 -3
-28 -3
-36 -3
-45 -3
-45 -3
-44 -3
-40 -3
-45 -3
-44 -4
-39 -3
-37 -3
-37 -3
-36 -3
-32 -3
-42 -3
-46 -3
-34 -3
-37 -3
-34 -3
-20 -3
-10 -3
-18 -3
-23 -3
-21 -3
-23 -4
-27 -3
-18 -3
-5 -3
0 -3
15 -3
24 -3
39 -3
34 -3
23 -3
32 -3
41 -3
54 -3
64 -3
68 -3
74 -3
77 -3
74 -3
70 -3
69 -3
70 -3
79 -3
86 -3
84 -3
80 -3
102 -3
115 -3
94 -3
75 -3
75 -3
74 -3
85 -3
88 -3
88 -3
102 -3
88 -3
92 -3
83 -3
84 -3
80 -3
87 -3
95 -3
94 -3
90 -3
94 -3
95 -3
89 -3
83 -3
80 -3
96 -3
102 -3
98 -3
100 -3
110 -2
106 -3
114 -3
108 -3
111 -3
119 -3
124 -3
133 -3
137 -3
139 -3
144 -3
147 -3
144 -3
148 -3
160 -3
165 -3
175 -3
182 -3
186 -3
191 -3
193 -3
191 -3
196 -3
199 -3
192 -3
192 -3
201 -3
205 -3
212 -3
206 -3
198 -3
203 -3
196 -3
198 -3
198 -3
207 -3
207 -3
207 -3
206 -3
214 -3
202 -3
206 -3
211 -3
207 -3
210 -3
218 -3
224 -3
211 -3
200 -3
206 -3
210 -2
211 -3
221 -3
223 -3
222 -3
213 -3
206 -3
207 -3
202 -3
191 -3
197 -3
204 -3
205 -3
212 -3
200 -3
191 -3
185 -3
184 -3
200 -3
204 -3
197 -3
187 -3
194 -3
188 -3
186 -3
186 -3
191 -3
196 -3
187 -3
178 -3
183 -3
186 -3
188 -3
195 -3
199 -3
180 -3
179 -3
183 -3
196 -3
192 -3
190 -3
190 -3
175 -3
172 -3
167 -3
177 -3
170 -3
184 -3
175 -3
162 -3
164 -3
155 -3
154 -3
155 -3
156 -3
153 -3
157 -3
160 -3
164 -3
154 -3
141 -3
146 -3
149 -3
151 -3
147 -3
146 -3
150 -3
148 -3
142 -3
138 -3
146 -3
140 -3
135 -3
133 -3
148 -3
139 -3
139 -3
139 -3
142 -3
137 -3
132 -3
133 -3
136 -3
124 -3
128 -3
126 -3
130 -3
130 -3
129 -3
129 -3
131 -3
126 -3
114 -3
108 -3
111 -3
109 -3
107 -3
115 -3
114 -3
112 -3
109 -3
112 -3
106 -3
95 -3
105 -3
110 -3
106 -3
88 -3
90 -3
94 -3
103 -3
106 -3
96 -3
87 -3
84 -3
81 -3
93 -3
86 -3
83 -3
87 -3
87 -3
92 -3
87 -3
93 -3
87 -3
