-88 -3
-86 -3
-73 -3
-87 -3
-95 -3
-98 -3
-90 -4
-80 -4
-97 -3
-102 -3
-106 -3
-102 -3
-85 -3
-102 -3
-104 -3
-113 -3
-109 -3
-98 -3
-111 -3
-119 -3
-123 -3
-117 -3
-97 -3
-110 -3
-113 -3
-120 -3
-111 -3
-101 -4
-115 -3
-122 -3
-128 -3
-126 -3
-119 -3
-137 -3
-142 -3
-140 -3
-134 -3
-119 -3
-135 -3
-135 -3
-139 -3
-126 -3
-118 -3
-130 -3
-140 -3
-150 -3
-155 -3
-156 -3
-177 -3
-195 -2
-213 -3
-210 -3
-209 -3
-237 -3
-255 -3
-273 -3
-284 -3
-286 -3
-317 -3
-338 -3
-351 -3
-360 -3
-361 -3
-385 -3
-398 -3
-403 -3
-404 -3
-392 -3
-415 -3
-425 -3
-437 -3
-437 -3
-429 -3
-457 -3
-466 -3
-469 -3
-461 -3
-453 -3
-467 -3
-470 -3
-472 -3
-465 -3
-454 -3
-468 -3
-469 -3
-468 -3
-459 -3
-445 -3
-456 -3
-457 -3
-454 -3
-445 -3
-428 -3
-435 -3
-439 -3
-436 -3
-429 -3
-413 -3
-420 -3
-425 -3
-418 -3
-406 -3
-393 -3
-410 -3
-412 -3
-407 -3
-394 -3
-384 -3
-398 -3
-398 -3
-397 -3
-391 -3
-382 -3
-397 -3
-405 -3
-402 -3
-394 -3
-384 -3
-397 -3
-398 -3
-398 -3
-391 -3
-373 -3
-385 -3
-384 -3
-382 -3
-371 -3
-358 -3
-372 -3
-373 -3
-375 -3
-368 -3
-352 -3
-360 -3
-360 -3
-359 -3
-349 -3
-330 -4
-339 -3
-339 -3
-342 -3
-330 -3
-318 -3
-326 -3
-325 -3
-323 -3
-308 -3
-297 -3
-301 -3
-306 -3
-300 -3
-286 -4
-276 -3
-288 -3
-292 -3
-287 -3
-273 -3
-258 -3
-268 -3
-272 -3
-263 -3
-254 -3
-238 -3
-246 -3
-246 -3
-243 -3
-229 -3
-212 -3
-221 -3
-223 -3
-218 -3
-217 -3
-202 -4
-213 -3
-213 -3
-210 -3
-198 -3
-185 -3
-192 -3
-196 -3
-195 -3
-182 -3
-166 -3
-177 -3
-178 -3
-181 -3
-162 -3
-147 -3
-163 -3
-167 -3
-158 -3
-147 -3
-138 -3
-147 -3
-151 -3
-148 -3
-135 -3
-120 -3
-132 -3
-140 -3
-132 -3
-120 -3
-110 -3
-123 -3
-120 -3
-116 -3
-111 -3
-105 -3
-120 -3
-123 -2
-122 -3
-111 -3
-98 -3
-107 -3
-104 -3
-101 -3
-98 -3
-85 -3
-89 -3
-99 -3
-103 -3
-81 -3
-69 -3
-76 -3
-91 -3
-92 -3
-79 -3
-69 -3
-82 -2
-76 -3
-77 -3
-69 -3
-51 -3
-58 -3
-68 -3
-67 -3
-49 -3
-38 -3
-56 -3
-52 -2
-49 -3
-32 -3
-33 -3
-48 -3
-48 -3
-44 -3
-32 -3
-18 -3
-31 -3
-39 -3
-37 -3
-10 -3
-15 -3
-23 -3
-23 -3
-22 -3
-5 -3
4 -3
-6 -3
-11 -2
-8 -3
1 -3
6 -3
6 -3
9 -3
3 -3
15 -3
15 -3
3 -3
7 -3
8 -3
17 -3
27 -3
14 -3
11 -3
18 -3
23 -3
38 -3
22 -3
23 -3
25 -3
37 -3
64 -4
24 -3
32 -3
30 -3
49 -3
58 -3
43 -3
49 -3
43 -3
60 -3
65 -3
50 -3
44 -3
30 -3
35 -3
43 -3
38 -3
39 -3
44 -3
57 -3
61 -3
54 -3
53 -2
58 -3
71 -3
72 -3
65 -3
59 -2
58 -3
73 -3
85 -3
73 -3
78 -3
65 -3
97 -3
83 -3
71 -3
82 -3
84 -3
95 -3
108 -3
92 -3
90 -3
81 -3
113 -3
110 -3
106 -3
100 -3
85 -3
100 -3
112 -3
102 -3
99 -3
106 -3
114 -3
125 -3
110 -3
116 -3
115 -3
127 -3
141 -3
113 -3
113 -3
119 -3
118 -3
129 -3
131 -3
131 -3
118 -3
129 -3
145 -3
136 -3
143 -3
129 -3
141 -3
157 -3
127 -3
130 -3
131 -3
151 -3
152 -3
140 -3
135 -3
147 -3
144 -3
161 -3
141 -3
141 -3
144 -3
170 -3
159 -3
150 -3
142 -3
156 -3
156 -3
165 -3
155 -3
152 -3
153 -3
171 -3
178 -3
170 -3
148 -3
160 -3
169 -3
179 -3
163 -3
165 -3
163 -3
177 -3
181 -3
178 -3
172 -3
176 -3
186 -3
188 -3
192 -3
173 -3
172 -3
196 -3
203 -3
184 -3
187 -3
173 -3
195 -3
201 -4
186 -3
196 -3
186 -3
202 -3
205 -3
203 -3
181 -3
195 -3
201 -3
205 -3
192 -3
196 -3
197 -3
206 -3
214 -3
211 -3
196 -3
200 -3
209 -3
215 -3
219 -3
205 -3
198 -3
209 -3
221 -3
208 -3
205 -3
203 -3
222 -3
222 -3
215 -3
208 -3
211 -3
229 -3
229 -3
216 -3
213 -3
228 -4
217 -4
222 -3
209 -3
215 -3
216 -3
229 -3
229 -3
224 -3
220 -3
214 -3
223 -3
228 -3
218 -3
213 -3
216 -3
228 -3
238 -3
226 -3
232 -3
220 -3
245 -3
242 -3
230 -3
227 -3
223 -3
234 -3
236 -3
231 -3
229 -3
224 -3
238 -3
234 -3
224 -3
233 -3
211 -3
229 -3
239 -3
218 -3
227 -3
228 -3
244 -3
237 -3
222 -3
223 -3
225 -3
239 -3
243 -3
225 -3
222 -3
221 -3
256 -3
224 -3
226 -3
221 -3
218 -3
228 -3
234 -3
223 -3
223 -3
212 -3
231 -3
233 -3
224 -3
239 -3
222 -3
234 -3
244 -3
231 -3
225 -3
226 -3
237 -3
239 -3
226 -3
225 -3
228 -3
234 -3
242 -3
223 -3
227 -3
225 -3
240 -3
234 -3
215 -3
215 -3
214 -3
230 -3
239 -3
228 -3
220 -3
219 -3
239 -4
242 -3
226 -3
229 -3
212 -3
220 -3
230 -3
218 -3
209 -3
208 -3
227 -3
222 -3
222 -3
209 -3
207 -3
225 -3
226 -3
217 -3
216 -2
203 -3
222 -3
233 -3
215 -3
215 -3
212 -3
221 -3
224 -3
213 -3
209 -3
205 -3
219 -3
215 -3
204 -3
209 -3
194 -3
206 -3
210 -3
204 -3
197 -3
194 -3
207 -3
208 -3
199 -3
195 -3
194 -3
219 -3
211 -3
198 -3
189 -3
196 -4
209 -3
206 -3
192 -3
198 -3
194 -3
212 -3
212 -3
193 -3
193 -3
188 -3
207 -3
204 -3
188 -3
183 -3
185 -3
203 -3
204 -3
199 -3
188 -3
185 -3
201 -3
209 -3
201 -3
193 -3
189 -3
208 -3
203 -3
201 -3
199 -3
198 -3
206 -3
207 -3
196 -3
195 -3
187 -3
199 -3
197 -3
189 -3
190 -3
190 -3
203 -3
202 -3
186 -3
183 -3
188 -3
200 -3
193 -3
186 -3
182 -3
187 -3
209 -3
184 -3
169 -3
165 -3
171 -3
187 -3
185 -3
173 -3
175 -3
174 -3
194 -3
186 -3
179 -3
173 -2
170 -3
183 -3
179 -3
171 -3
165 -3
162 -3
174 -3
172 -3
168 -3
170 -3
165 -3
178 -3
169 -3
169 -3
156 -3
156 -3
171 -3
167 -3
160 -3
157 -3
169 -3
160 -3
166 -3
148 -3
149 -3
146 -3
160 -3
164 -3
153 -3
143 -3
145 -3
167 -3
166 -3
153 -3
139 -3
142 -3
160 -3
160 -3
151 -3
144 -3
141 -3
156 -3
149 -3
140 -3
135 -3
141 -3
158 -3
153 -3
137 -3
133 -3
136 -3
145 -3
144 -3
145 -3
139 -3
138 -3
165 -3
152 -3
133 -3
132 -3
136 -3
146 -3
147 -3
135 -3
133 -3
128 -3
151 -3
147 -3
141 -3
125 -3
135 -3
152 -3
133 -3
128 -3
125 -3
128 -3
142 -3
143 -3
131 -3
129 -3
123 -3
128 -3
138 -3
123 -3
113 -3
116 -3
128 -3
127 -3
124 -3
110 -3
112 -3
132 -3
121 -3
116 -3
118 -3
101 -3
123 -3
117 -3
107 -3
103 -3
115 -3
123 -3
117 -3
104 -3
107 -3
98 -3
116 -3
120 -3
112 -3
103 -3
110 -3
118 -3
129 -3
108 -3
104 -3
97 -3
124 -3
116 -3
106 -3
109 -2
107 -3
114 -3
118 -3
107 -3
106 -3
105 -3
117 -3
117 -3
104 -3
97 -3
99 -3
111 -3
112 -3
99 -3
92 -3
97 -3
111 -3
108 -3
107 -3
89 -3
95 -3
114 -3
103 -3
96 -3
95 -3
87 -3
110 -3
102 -3
83 -3
91 -3
92 -3
107 -3
104 -3
76 -3
81 -3
75 -3
100 -3
90 -3
76 -3
78 -3
76 -3
93 -3
97 -3
77 -3
76 -3
76 -3
89 -3
86 -3
75 -3
73 -3
89 -3
88 -3
84 -3
75 -3
67 -3
72 -3
91 -4
90 -3
68 -3
69 -3
70 -3
88 -3
82 -3
75 -3
71 -3
73 -3
92 -3
81 -3
72 -3
68 -3
80 -3
87 -3
75 -3
64 -3
62 -3
71 -3
86 -3
75 -3
70 -3
61 -2
68 -3
86 -3
75 -3
64 -3
54 -3
59 -3
79 -3
71 -3
64 -3
60 -3
56 -3
83 -4
70 -3
53 -3
51 -3
55 -3
71 -3
65 -3
67 -3
53 -3
55 -3
76 -3
67 -3
55 -3
52 -3
61 -3
76 -3
70 -3
58 -3
61 -3
51 -3
65 -3
66 -3
51 -3
49 -3
53 -3
71 -3
61 -3
53 -3
55 -3
46 -3
68 -3
58 -3
51 -3
45 -3
51 -3
64 -4
54 -3
45 -3
39 -3
42 -3
58 -3
50 -3
43 -3
48 -3
41 -3
50 -3
53 -3
44 -3
44 -3
40 -3
57 -3
47 -3
41 -3
39 -3
41 -3
50 -3
46 -3
40 -3
37 -3
35 -3
48 -3
42 -3
33 -3
37 -3
37 -3
42 -3
39 -3
39 -3
22 -3
27 -3
47 -3
47 -3
33 -3
26 -3
31 -3
45 -3
44 -3
30 -3
32 -3
35 -3
55 -3
49 -3
30 -3
25 -3
31 -3
48 -3
37 -3
32 -3
28 -3
29 -3
42 -3
36 -3
27 -3
27 -3
19 -3
37 -3
33 -3
24 -3
19 -3
17 -3
35 -3
38 -3
19 -3
20 -3
22 -3
39 -3
32 -3
28 -3
13 -3
16 -3
35 -3
21 -3
14 -3
15 -3
13 -3
30 -3
23 -3
18 -3
18 -3
14 -3
34 -3
22 -3
13 -3
14 -3
5 -3
27 -3
22 -3
4 -3
5 -3
7 -3
26 -3
19 -3
8 -3
3 -3
13 -3
28 -3
13 -3
10 -3
5 -3
7 -3
26 -4
16 -3
10 -3
0 -3
8 -3
25 -3
12 -3
4 -3
2 -3
6 -3
25 -3
15 -3
4 -3
5 -3
2 -3
23 -3
15 -3
7 -3
0 -3
