-19 -2
-9 -3
9 -3
16 -3
0 -3
-7 -3
0 -3
17 -3
14 -3
-3 -3
-5 -3
0 -2
15 -3
20 -3
-1 -3
-6 -3
5 -3
20 -3
20 -3
3 -3
-5 -3
2 -3
15 -3
14 -3
2 -3
-2 -3
9 -3
22 -3
31 -3
16 -3
4 -3
8 -3
22 -3
22 -3
9 -3
0 -3
5 -3
21 -3
19 -3
7 -3
-3 -3
1 -3
26 -3
43 -3
12 -3
-26 -3
-25 -2
-21 -3
-33 -3
-66 -3
-93 -3
-95 -3
-84 -3
-98 -3
-128 -3
-159 -3
-171 -3
-169 -3
-175 -3
-202 -3
-225 -3
-216 -3
-211 -3
-224 -3
-250 -3
-264 -3
-261 -3
-254 -3
-260 -3
-284 -3
-295 -3
-300 -3
-290 -3
-298 -3
-312 -3
-327 -3
-317 -3
-317 -4
-326 -3
-342 -4
-350 -4
-344 -3
-327 -3
-338 -3
-347 -3
-353 -3
-347 -3
-329 -4
-335 -3
-354 -3
-367 -3
-363 -3
-339 -3
-343 -3
-348 -3
-353 -3
-346 -3
-335 -4
-346 -3
-365 -3
-374 -3
-356 -3
-330 -3
-331 -3
-349 -3
-356 -3
-343 -3
-315 -3
-315 -3
-342 -3
-342 -3
-330 -3
-322 -3
-318 -3
-332 -3
-335 -3
-327 -3
-313 -3
-315 -3
-319 -3
-328 -3
-312 -3
-293 -3
-287 -3
-303 -3
-306 -3
-294 -3
-274 -3
-272 -3
-283 -3
-291 -3
-273 -3
-251 -3
-246 -3
-263 -3
-264 -3
-253 -3
-240 -3
-239 -3
-259 -3
-259 -3
-249 -3
-232 -3
-232 -3
-246 -3
-246 -3
-237 -3
-220 -4
-218 -3
-228 -3
-232 -3
-217 -3
-198 -3
-198 -3
-225 -3
-229 -3
-215 -3
-193 -3
-192 -3
-207 -3
-214 -3
-199 -3
-184 -3
-183 -3
-190 -3
-200 -3
-185 -3
-168 -3
-163 -3
-178 -3
-185 -3
-176 -3
-159 -3
-158 -3
-178 -3
-185 -3
-168 -3
-154 -3
-145 -3
-160 -3
-162 -3
-153 -3
-133 -3
-132 -3
-145 -3
-161 -3
-154 -3
-135 -3
-128 -3
-141 -3
-145 -3
-134 -3
-119 -3
-119 -3
-128 -3
-128 -3
-121 -3
-114 -3
-112 -4
-123 -3
-133 -3
-125 -3
-101 -3
-106 -3
-128 -3
-139 -3
-129 -3
-103 -4
-106 -3
-120 -3
-129 -3
-117 -3
-91 -3
-98 -3
-120 -3
-111 -3
-102 -3
-80 -3
-87 -3
-105 -3
-111 -3
-101 -3
-78 -3
-75 -3
-100 -3
-96 -3
-92 -3
-66 -3
-62 -3
-80 -3
-90 -3
-80 -3
-66 -3
-61 -3
-66 -3
-67 -3
-61 -3
-50 -3
-49 -3
-65 -3
-64 -3
-56 -3
-42 -4
-35 -4
-58 -3
-54 -3
-55 -3
-35 -3
-36 -3
-54 -3
-52 -3
-43 -3
-27 -4
-27 -3
-46 -3
-53 -3
-39 -3
-24 -3
-28 -3
-42 -3
-47 -3
-41 -3
-21 -3
-12 -3
-32 -3
-39 -3
-34 -3
-26 -3
-21 -3
-37 -3
-40 -3
-35 -3
-7 -3
-9 -3
-22 -3
-41 -3
-27 -3
-4 -3
-2 -3
-26 -3
-26 -3
-13 -3
-1 -3
6 -3
-8 -3
-15 -3
0 -3
16 -3
16 -3
-1 -3
0 -3
4 -3
25 -3
18 -3
-3 -3
-16 -3
2 -3
19 -3
18 -3
-3 -3
-7 -3
13 -3
29 -3
24 -3
22 -3
8 -3
21 -3
42 -3
35 -3
17 -3
5 -3
8 -3
31 -3
32 -3
14 -3
7 -3
11 -3
30 -3
32 -3
16 -3
10 -3
21 -3
36 -3
41 -3
21 -3
13 -3
18 -3
37 -3
20 -3
1 -3
13 -3
70 -3
106 -3
113 -3
115 -3
111 -3
131 -3
176 -3
186 -3
184 -3
187 -3
213 -3
245 -3
247 -3
249 -3
260 -3
281 -3
309 -3
321 -3
321 -3
339 -3
362 -3
394 -3
409 -3
407 -3
418 -2
434 -3
455 -3
453 -3
439 -3
433 -3
442 -3
463 -3
459 -3
435 -3
420 -3
426 -3
449 -3
444 -3
432 -3
417 -3
426 -3
445 -3
424 -3
404 -3
399 -3
408 -3
416 -3
412 -3
392 -3
385 -3
387 -3
405 -3
404 -3
381 -3
375 -2
382 -3
398 -3
390 -3
372 -3
365 -3
368 -3
391 -3
379 -3
348 -2
347 -2
353 -3
383 -3
388 -3
381 -3
367 -3
367 -3
387 -3
382 -3
368 -3
358 -3
366 -3
378 -3
372 -3
353 -3
344 -3
353 -3
368 -3
360 -3
327 -3
312 -3
322 -3
336 -3
329 -3
310 -3
307 -3
318 -3
336 -3
327 -3
318 -3
310 -3
315 -3
325 -3
321 -3
298 -3
285 -3
292 -3
306 -3
311 -3
297 -3
287 -3
291 -3
310 -3
296 -3
281 -3
271 -3
273 -3
290 -3
286 -3
266 -3
248 -3
257 -3
276 -3
271 -3
248 -3
241 -3
251 -3
262 -3
264 -3
252 -3
246 -3
249 -3
264 -3
261 -3
239 -3
231 -3
238 -3
251 -3
243 -3
224 -3
217 -3
229 -3
237 -3
239 -3
216 -3
213 -3
218 -3
230 -3
226 -3
213 -3
203 -3
205 -3
225 -3
216 -3
194 -3
180 -3
200 -3
210 -3
208 -3
192 -3
184 -3
195 -3
211 -3
200 -3
178 -3
175 -3
179 -3
193 -4
185 -3
172 -3
160 -3
168 -3
191 -3
184 -3
166 -3
163 -3
174 -3
179 -3
175 -3
156 -3
144 -3
155 -3
172 -3
168 -3
155 -3
144 -3
151 -3
159 -4
155 -4
139 -3
125 -3
132 -3
144 -4
141 -3
123 -3
118 -3
130 -3
147 -3
147 -3
122 -3
110 -3
120 -3
135 -3
124 -3
108 -3
102 -3
113 -3
121 -4
118 -3
106 -3
96 -3
100 -3
119 -3
115 -3
93 -3
79 -3
88 -3
108 -3
102 -3
85 -3
76 -3
85 -3
113 -4
106 -3
86 -3
82 -3
89 -3
103 -3
91 -3
74 -3
65 -3
71 -3
87 -3
86 -3
63 -3
59 -3
64 -3
82 -3
73 -3
60 -3
45 -3
57 -3
78 -3
80 -3
65 -3
56 -3
55 -3
60 -3
64 -3
60 -3
70 -3
89 -3
113 -3
120 -3
117 -3
133 -3
156 -3
183 -3
190 -3
184 -3
198 -3
214 -3
240 -3
248 -3
246 -3
241 -3
259 -3
286 -3
281 -3
246 -3
242 -3
259 -3
272 -3
260 -3
237 -2
226 -2
237 -3
248 -3
237 -3
213 -3
207 -3
214 -3
229 -3
210 -3
185 -3
189 -3
197 -3
201 -3
195 -3
163 -3
167 -2
177 -3
197 -3
188 -3
162 -3
140 -3
144 -3
165 -3
158 -3
145 -3
126 -3
149 -3
160 -3
150 -3
142 -3
130 -3
154 -3
176 -3
160 -3
117 -3
135 -3
134 -3
146 -3
115 -3
108 -3
137 -3
129 -3
156 -3
170 -3
137 -3
117 -3
138 -3
130 -3
133 -3
107 -3
111 -3
108 -3
141 -3
123 -3
99 -2
84 -3
129 -3
151 -3
125 -3
81 -3
149 -3
153 -3
159 -3
136 -3
137 -3
127 -3
159 -3
196 -3
177 -3
147 -3
150 -3
155 -3
167 -3
159 -3
140 -3
130 -3
116 -3
178 -3
157 -3
150 -3
141 -3
142 -3
172 -3
152 -3
142 -3
131 -3
129 -3
121 -3
159 -3
135 -3
106 -3
132 -3
137 -3
128 -3
118 -3
107 -3
104 -3
117 -3
128 -3
105 -3
89 -3
89 -3
120 -3
123 -3
98 -3
92 -3
94 -3
122 -3
101 -3
77 -3
93 -3
96 -3
75 -3
85 -3
99 -3
86 -3
80 -3
101 -3
86 -3
51 -3
77 -3
81 -3
85 -3
86 -3
50 -3
55 -3
72 -3
71 -3
55 -3
36 -3
62 -3
45 -3
49 -3
50 -3
47 -3
46 -3
51 -3
56 -4
74 -3
59 -3
44 -3
80 -3
72 -3
82 -3
83 -3
78 -3
77 -3
60 -3
84 -3
49 -3
74 -3
78 -3
112 -3
87 -3
73 -3
92 -3
82 -3
84 -3
97 -3
65 -3
59 -3
72 -3
88 -3
69 -3
28 -3
58 -3
99 -3
96 -3
68 -3
37 -3
73 -3
55 -3
61 -3
48 -3
48 -3
42 -2
50 -3
45 -3
71 -3
35 -3
17 -3
37 -3
59 -3
72 -3
55 -3
17 -3
56 -3
65 -3
54 -3
43 -3
10 -3
12 -3
53 -3
48 -3
31 -3
13 -3
18 -3
46 -3
39 -3
7 -3
0 -3
3 -3
44 -3
39 -3
-2 -3
2 -3
4 -3
48 -3
32 -3
13 -3
-1 -3
17 -3
34 -3
29 -3
2 -3
-5 -3
-3 -3
2 -3
3 -4
1 -3
-26 -3
-25 -3
14 -3
19 -3
-14 -3
-17 -3
-22 -3
6 -4
-13 -4
-35 -3
-2 -3
-8 -3
-1 -3
-8 -3
-21 -3
-55 -3
-14 -3
4 -4
-17 -3
-42 -3
-51 -3
-37 -3
-30 -4
-7 -3
-20 -3
-10 -3
-31 -3
-72 -3
-71 -3
-87 -3
-125 -3
-137 -3
-134 -3
-168 -4
-195 -3
-234 -3
-238 -3
-239 -4
-274 -3
-309 -3
-339 -3
-332 -4
-331 -4
-350 -3
-378 -3
-395 -3
-386 -3
-376 -4
-406 -4
-420 -3
-433 -3
-431 -3
-408 -4
-420 -4
-440 -3
-432 -3
-417 -4
-389 -3
-400 -3
-411 -3
-416 -3
-395 -3
-388 -4
-389 -3
-393 -3
-401 -3
-370 -3
-352 -4
-361 -3
-373 -3
-383 -3
-372 -3
-360 -4
-365 -3
-375 -3
-371 -3
-356 -3
-333 -3
-345 -3
-356 -3
-354 -3
-334 -3
-320 -4
-337 -3
-360 -3
-333 -3
-341 -3
-315 -3
-300 -3
-297 -3
-287 -3
-266 -3
-247 -4
-252 -3
-264 -3
-260 -3
-253 -3
-229 -3
-237 -3
-257 -3
-240 -3
-232 -3
-224 -3
-236 -3
-242 -3
-249 -3
-236 -3
-222 -3
-227 -3
-240 -3
-244 -3
-226 -3
-200 -3
-210 -3
-220 -3
-231 -3
-209 -3
-202 -3
-208 -3
-217 -3
-225 -3
-201 -3
-190 -4
-191 -3
-226 -3
-201 -3
-191 -3
-183 -3
-193 -3
-207 -3
-209 -3
-208 -3
-175 -3
-188 -3
-202 -3
-206 -3
-183 -3
-169 -3
-172 -3
-184 -3
-186 -3
-178 -4
-161 -4
-172 -3
-193 -3
-192 -3
-170 -3
-162 -3
-163 -3
-175 -3
-165 -3
-167 -3
-163 -3
-174 -3
-180 -3
-174 -3
-153 -3
-146 -3
-158 -3
-165 -3
-164 -3
-151 -3
-135 -3
-143 -3
-160 -3
-164 -3
-152 -3
-134 -3
-137 -3
-146 -3
-150 -3
-134 -3
-118 -3
-127 -3
-143 -3
-155 -3
-141 -3
-126 -3
-134 -3
-154 -3
-158 -3
-138 -3
-122 -4
-127 -3
-138 -3
-142 -3
-130 -3
-113 -3
-128 -3
-139 -3
-122 -3
-94 -3
-59 -3
-44 -3
-41 -3
-26 -3
2 -3
20 -3
19 -3
13 -3
