51 -3
33 -3
48 -3
64 -3
67 -3
62 -3
27 -3
28 -3
52 -3
71 -3
34 -3
48 -3
42 -3
74 -3
61 -3
54 -3
26 -3
44 -3
67 -3
68 -3
44 -3
49 -3
42 -3
61 -3
61 -3
51 -3
40 -3
46 -3
51 -4
72 -3
56 -3
28 -3
29 -3
53 -3
71 -3
52 -3
30 -3
40 -3
79 -3
90 -3
65 -3
43 -3
61 -3
60 -3
70 -3
42 -3
45 -3
59 -3
66 -3
62 -3
48 -3
43 -3
45 -3
66 -3
60 -3
42 -3
33 -3
43 -3
47 -3
64 -3
45 -3
30 -3
24 -3
43 -3
45 -3
50 -3
28 -3
20 -3
44 -3
50 -3
29 -3
16 -3
10 -3
35 -3
40 -3
18 -3
0 -3
20 -3
34 -3
34 -3
21 -3
5 -3
9 -3
19 -3
40 -3
21 -3
19 -3
17 -3
27 -3
41 -3
19 -3
23 -3
32 -3
31 -3
29 -3
8 -3
-14 -3
-4 -3
28 -3
36 -3
19 -3
-11 -3
10 -3
31 -3
21 -3
28 -3
10 -3
13 -3
25 -3
32 -3
19 -3
-7 -3
9 -3
19 -3
37 -3
-2 -2
-21 -3
-18 -2
6 -3
14 -3
-9 -3
-10 -3
-6 -3
14 -3
5 -3
9 -3
-1 -3
3 -3
21 -3
10 -3
10 -3
8 -3
-15 -3
2 -3
-5 -3
-15 -3
-18 -3
-10 -3
7 -3
7 -3
-12 -3
-27 -3
-19 -3
8 -3
15 -3
-5 -3
-13 -3
-10 -3
9 -3
9 -3
6 -3
-4 -3
1 -3
28 -3
42 -3
2 -3
-28 -3
-41 -3
-28 -3
-33 -3
-78 -3
-98 -3
-117 -3
-107 -3
-113 -3
-146 -3
-166 -3
-166 -3
-141 -3
-134 -3
-143 -3
-151 -3
-149 -3
-125 -3
-122 -3
-129 -3
-138 -3
-125 -3
-113 -3
-107 -3
-129 -3
-133 -3
-138 -3
-107 -3
-112 -3
-124 -3
-122 -3
-138 -3
-111 -3
-104 -3
-127 -3
-130 -3
-125 -3
-103 -3
-110 -3
-120 -3
-151 -3
-117 -3
-121 -3
-91 -3
-118 -3
-123 -3
-109 -3
-99 -3
-93 -3
-96 -3
-93 -3
-103 -3
-86 -3
-78 -3
-84 -3
-97 -3
-94 -3
-91 -3
-73 -3
-99 -3
-115 -3
-118 -3
-80 -3
-85 -3
-112 -3
-96 -3
-92 -3
-74 -3
-62 -3
-75 -3
-96 -3
-93 -3
-85 -3
-71 -3
-69 -3
-90 -3
-75 -3
-57 -3
-57 -3
-75 -3
-77 -3
-92 -3
-71 -3
-62 -3
-67 -3
-90 -3
-85 -3
-73 -3
-81 -3
-88 -3
-112 -3
-107 -3
-55 -3
-42 -3
-79 -3
-83 -3
-83 -3
-63 -3
-44 -3
-77 -3
-81 -3
-68 -3
-41 -3
-63 -4
-70 -3
-86 -3
-61 -3
-21 -4
-46 -4
-56 -3
-85 -3
-72 -3
-12 -3
-57 -4
-72 -3
-63 -3
-57 -3
-40 -3
-27 -4
-65 -3
-51 -3
-87 -3
-61 -3
-38 -3
-39 -3
-62 -3
-68 -3
-33 -3
-11 -3
-56 -3
-71 -3
-57 -3
-25 -4
-28 -3
-76 -3
-77 -3
-51 -3
-38 -3
-37 -3
-38 -3
-48 -3
-51 -3
-52 -3
-27 -3
-33 -3
-45 -3
-45 -3
-69 -3
-27 -3
-37 -3
-76 -3
-51 -3
-55 -3
-36 -3
-57 -3
-75 -3
-47 -3
-24 -3
-20 -3
-38 -3
-35 -3
-64 -3
-44 -3
-13 -3
-44 -3
-85 -3
-32 -3
-27 -3
-38 -3
-61 -3
-47 -3
-14 -3
-27 -3
-15 -3
-52 -3
-77 -3
-40 -3
-44 -3
-15 -3
-47 -3
-65 -3
-39 -3
-13 -3
2 -3
-17 -3
-64 -3
-61 -3
-11 -3
-28 -3
-36 -3
-50 -3
-37 -3
-28 -3
-1 -3
-25 -3
-40 -3
-44 -3
-13 -3
5 -3
-6 -3
-37 -3
-36 -3
-36 -3
-6 -3
-12 -3
-27 -3
-11 -3
-32 -3
-25 -3
-22 -3
-27 -3
-36 -3
-7 -3
-16 -3
-16 -3
-15 -3
26 -3
38 -3
55 -3
49 -3
56 -3
80 -3
114 -3
137 -3
126 -3
103 -3
102 -3
114 -3
124 -3
114 -3
93 -3
92 -3
102 -3
109 -3
93 -3
91 -3
95 -3
111 -3
121 -3
117 -3
83 -3
84 -3
105 -3
119 -3
98 -3
95 -3
87 -3
83 -3
97 -3
94 -3
68 -3
71 -3
104 -3
98 -3
76 -3
72 -3
72 -3
94 -3
97 -3
77 -3
69 -3
75 -3
97 -3
85 -3
93 -3
63 -3
45 -3
65 -3
67 -3
55 -3
67 -3
59 -3
73 -3
66 -3
52 -3
54 -3
49 -3
71 -3
81 -3
65 -3
51 -3
52 -3
68 -3
79 -3
76 -3
59 -3
42 -3
58 -3
77 -3
60 -3
37 -3
42 -3
60 -3
69 -3
54 -3
35 -3
49 -3
66 -3
64 -3
48 -3
41 -3
37 -3
70 -3
55 -3
53 -3
40 -3
40 -3
59 -3
70 -3
53 -3
24 -3
33 -3
51 -3
59 -3
52 -3
35 -3
36 -3
45 -3
54 -3
34 -3
25 -3
38 -3
46 -3
39 -3
32 -3
19 -3
28 -3
50 -3
46 -3
29 -3
28 -3
21 -3
31 -3
46 -3
42 -3
29 -3
22 -3
52 -3
48 -3
32 -3
11 -3
28 -3
43 -3
46 -3
33 -3
13 -3
39 -3
41 -3
44 -3
25 -3
30 -3
16 -3
40 -3
41 -3
40 -3
25 -3
23 -3
34 -3
39 -3
22 -3
10 -3
10 -3
25 -3
37 -3
31 -3
10 -3
12 -3
38 -3
37 -3
18 -3
5 -3
8 -3
23 -3
32 -4
25 -3
-2 -3
14 -3
28 -3
38 -3
28 -3
4 -3
13 -3
31 -3
25 -3
21 -3
0 -3
-6 -3
27 -3
29 -3
13 -3
14 -3
17 -3
39 -3
32 -3
22 -3
-5 -3
6 -3
25 -3
35 -3
17 -3
12 -3
10 -3
19 -4
27 -4
6 -3
0 -3
14 -3
22 -3
17 -3
11 -3
-3 -3
1 -3
23 -3
21 -3
9 -3
0 -3
1 -3
17 -3
32 -3
-3 -3
-16 -3
2 -3
27 -3
24 -3
12 -3
-6 -3
12 -3
25 -3
29 -3
8 -3
-6 -3
5 -3
25 -3
25 -3
18 -3
9 -3
2 -3
15 -3
21 -3
11 -3
-5 -3
11 -3
39 -3
26 -3
6 -3
7 -3
7 -3
20 -4
28 -3
13 -3
1 -3
10 -3
1 -3
18 -3
14 -3
-11 -3
-2 -3
29 -3
41 -3
46 -3
47 -3
61 -3
94 -3
113 -3
93 -3
89 -3
111 -3
137 -3
138 -3
114 -3
104 -3
103 -3
123 -3
129 -3
97 -3
80 -3
86 -3
108 -4
115 -3
87 -3
77 -3
86 -3
109 -3
106 -3
86 -3
76 -3
89 -3
106 -3
109 -3
84 -3
66 -3
81 -3
97 -3
98 -3
84 -3
69 -3
79 -3
92 -3
95 -3
72 -3
60 -3
64 -3
90 -3
93 -3
72 -3
50 -3
51 -3
70 -3
74 -3
59 -3
51 -3
64 -3
65 -3
63 -3
54 -3
43 -3
45 -3
58 -3
67 -3
49 -3
34 -3
54 -3
60 -3
76 -3
68 -3
62 -3
69 -3
87 -3
85 -3
69 -3
44 -3
63 -3
79 -3
81 -3
64 -3
55 -3
69 -3
77 -3
85 -3
69 -3
49 -3
55 -3
66 -3
67 -3
54 -3
43 -3
63 -3
91 -3
95 -3
95 -3
86 -3
105 -3
114 -3
105 -3
70 -3
56 -3
62 -3
87 -3
78 -3
57 -3
55 -3
63 -3
72 -3
85 -3
73 -3
51 -3
64 -3
89 -3
84 -3
70 -3
62 -3
68 -3
88 -3
88 -3
59 -3
40 -3
45 -3
62 -3
59 -4
42 -3
32 -3
40 -3
52 -3
65 -3
40 -3
31 -3
40 -3
69 -3
71 -3
53 -3
40 -3
45 -3
73 -3
60 -3
43 -3
30 -3
51 -3
52 -3
63 -3
46 -3
35 -3
43 -3
56 -3
58 -3
35 -3
23 -3
30 -3
48 -4
53 -4
26 -3
11 -3
25 -3
49 -3
52 -3
29 -3
17 -3
27 -3
47 -3
47 -3
32 -3
22 -3
39 -3
46 -3
43 -3
26 -3
15 -3
25 -3
39 -3
49 -3
29 -3
7 -3
28 -3
34 -3
41 -3
20 -3
19 -3
20 -3
47 -3
51 -3
29 -3
40 -3
19 -3
5 -3
-11 -3
-43 -3
-70 -3
-80 -3
-80 -3
-88 -3
-110 -3
-135 -3
-145 -3
-124 -3
-123 -3
-127 -3
-139 -3
-138 -3
-110 -3
-115 -4
-139 -3
-140 -3
-130 -3
-109 -3
-107 -3
-127 -3
-132 -3
-123 -3
-100 -4
-96 -4
-128 -3
-136 -3
-122 -3
-108 -3
-106 -3
-118 -3
-127 -3
-118 -3
-108 -3
-97 -3
-113 -3
-126 -3
-114 -3
-90 -3
-91 -3
-110 -3
-122 -3
-112 -3
-88 -3
-80 -4
-98 -3
-115 -3
-101 -3
-82 -3
-85 -3
-108 -3
-112 -3
-100 -3
-80 -3
-77 -3
-81 -3
-106 -3
-100 -3
-81 -3
-75 -3
-97 -3
-101 -3
-94 -3
-77 -3
-71 -3
-87 -3
-101 -3
-95 -3
-70 -3
-72 -3
-88 -3
-99 -3
-89 -3
-56 -3
-53 -3
-88 -3
-117 -3
-107 -3
-76 -3
-75 -3
-90 -3
-95 -3
-75 -3
-70 -3
-79 -4
-101 -3
-111 -3
-99 -3
-80 -3
-69 -3
-84 -3
-99 -3
-77 -3
-66 -4
-60 -3
-78 -3
-95 -3
-89 -3
-61 -3
-68 -3
-78 -3
-93 -3
-94 -3
-74 -3
-62 -3
-77 -3
-79 -3
-66 -3
-68 -3
-56 -3
-74 -3
-81 -3
-79 -3
-52 -3
-49 -3
-76 -3
-93 -3
-79 -3
-58 -3
-51 -3
-69 -3
-80 -3
-73 -3
-51 -3
-34 -3
-60 -3
-77 -3
-57 -3
-41 -4
-49 -3
-70 -3
-64 -3
-56 -3
-41 -3
-33 -3
-46 -3
-80 -3
-62 -4
-60 -4
-36 -4
-66 -3
-68 -3
-68 -3
-27 -3
-33 -3
-70 -3
-69 -3
-62 -3
-39 -3
-40 -3
-54 -3
-66 -3
-66 -3
-24 -4
-26 -3
-52 -3
-62 -3
-64 -3
-35 -3
-34 -3
-74 -3
-76 -3
-47 -3
-40 -3
-42 -3
-52 -3
-79 -3
-33 -3
-48 -3
-28 -3
-66 -3
-55 -3
-57 -3
-48 -3
-44 -3
-48 -3
-51 -3
-47 -3
-29 -3
-39 -3
-50 -3
-59 -3
-63 -3
-23 -3
-21 -3
-67 -3
-68 -3
-58 -3
-39 -3
-21 -3
-53 -3
-59 -3
-36 -3
-31 -3
-24 -3
-51 -3
-60 -3
-58 -3
-20 -3
-25 -3
-57 -3
-45 -3
-48 -3
-29 -4
-32 -3
-46 -3
-54 -3
-64 -3
-38 -3
-42 -3
-64 -3
-68 -3
-57 -3
-41 -3
-26 -3
-48 -2
-73 -3
-60 -3
-34 -3
-44 -3
