-27 -3
15 -3
73 -3
25 -3
-6 -3
-20 -3
5 -4
70 -3
16 -3
-20 -3
-29 -3
5 -3
64 -3
11 -3
-25 -3
-27 -3
11 -3
76 -3
17 -3
-16 -3
-18 -3
17 -3
72 -3
17 -3
-21 -3
-26 -3
16 -3
70 -3
15 -3
-25 -3
-29 -3
11 -3
64 -3
11 -3
-28 -3
-23 -3
23 -3
67 -3
9 -3
-28 -3
-30 -3
9 -3
63 -3
6 -3
-29 -3
-19 -3
16 -3
56 -3
-13 -3
-62 -3
-77 -3
-54 -3
-18 -3
-86 -3
-137 -3
-158 -3
-130 -3
-93 -3
-157 -3
-203 -3
-221 -3
-195 -3
-139 -3
-193 -3
-239 -3
-249 -3
-232 -3
-171 -3
-224 -3
-256 -3
-242 -3
-199 -3
-144 -3
-202 -3
-237 -3
-233 -3
-189 -3
-138 -3
-183 -3
-221 -3
-218 -3
-180 -3
-128 -3
-185 -3
-223 -3
-219 -3
-175 -3
-115 -3
-176 -3
-209 -3
-206 -3
-162 -3
-104 -3
-167 -3
-195 -3
-193 -3
-144 -3
-100 -4
-147 -3
-185 -3
-176 -3
-142 -3
-106 -3
-167 -3
-211 -3
-212 -3
-166 -3
-108 -3
-159 -3
-200 -3
-196 -3
-158 -3
-96 -3
-140 -3
-177 -3
-174 -3
-153 -3
-100 -3
-160 -3
-196 -3
-186 -3
-138 -3
-88 -3
-141 -3
-174 -3
-168 -3
-129 -3
-76 -3
-133 -3
-168 -3
-165 -3
-130 -3
-74 -3
-132 -3
-163 -3
-167 -3
-123 -3
-70 -3
-127 -3
-157 -3
-150 -3
-101 -3
-42 -3
-96 -3
-129 -3
-123 -3
-87 -3
-38 -3
-101 -3
-147 -3
-149 -3
-99 -3
-46 -3
-103 -3
-136 -3
-133 -3
-89 -4
-42 -3
-101 -3
-136 -3
-132 -3
-89 -4
-41 -4
-93 -3
-127 -3
-126 -3
-78 -3
-22 -4
-82 -4
-114 -3
-110 -3
-73 -3
-18 -3
-69 -3
-115 -3
-113 -3
-72 -3
-24 -3
-76 -3
-104 -3
-100 -3
-53 -3
-11 -3
-68 -3
-100 -3
-97 -3
-51 -4
0 -3
-56 -3
-89 -3
-97 -3
-52 -3
-3 -3
-66 -3
-100 -3
-93 -3
-48 -3
3 -4
-50 -3
-87 -3
-89 -3
-52 -3
0 -3
-51 -3
-80 -3
-81 -3
-34 -3
14 -3
-51 -3
-82 -3
-75 -3
-31 -3
12 -3
-46 -3
-81 -3
-82 -3
-38 -4
7 -3
-52 -3
-89 -3
-77 -3
-28 -3
14 -3
-43 -3
-75 -3
-68 -3
-24 -3
24 -3
-28 -3
-70 -3
-62 -3
-12 -3
43 -3
-15 -3
-48 -3
-44 -3
2 -3
43 -3
-7 -3
-49 -3
-50 -3
-5 -3
40 -3
-15 -3
-51 -3
-49 -3
-1 -3
42 -3
-11 -3
-49 -4
-44 -4
-7 -3
46 -3
-9 -3
-47 -3
-43 -3
-1 -4
42 -3
-15 -3
-49 -3
-44 -3
3 -3
37 -3
-18 -3
-58 -3
-54 -3
2 -3
47 -3
-9 -3
-42 -3
-38 -3
4 -3
54 -3
-5 -3
-41 -2
-33 -3
10 -3
55 -3
-9 -3
-44 -3
-40 -3
9 -3
58 -3
3 -3
-34 -3
-37 -3
10 -3
51 -3
-1 -3
-37 -3
-40 -3
12 -3
61 -3
6 -3
-30 -3
-27 -3
20 -3
65 -3
15 -3
-27 -3
-23 -3
18 -3
53 -4
-7 -3
-33 -3
-24 -3
19 -4
66 -4
6 -3
-22 -3
-19 -3
28 -3
65 -4
12 -3
-20 -3
-22 -3
22 -3
66 -3
13 -3
-20 -3
-20 -3
36 -3
73 -3
8 -3
-25 -3
-22 -3
29 -3
76 -3
13 -3
-26 -3
-39 -3
7 -3
83 -3
53 -3
31 -3
44 -3
115 -3
179 -3
143 -3
119 -3
136 -3
204 -3
264 -3
223 -3
195 -3
207 -3
268 -3
317 -3
265 -3
240 -3
238 -3
285 -3
324 -3
266 -3
227 -3
230 -3
274 -3
321 -3
263 -3
229 -3
230 -3
271 -3
309 -3
252 -3
225 -3
218 -3
265 -3
305 -3
243 -3
207 -3
209 -3
252 -3
294 -3
237 -3
194 -3
196 -3
245 -3
271 -3
218 -3
186 -3
195 -3
239 -3
269 -3
206 -3
174 -3
177 -3
225 -3
269 -3
210 -3
178 -3
175 -3
219 -4
260 -3
194 -3
155 -3
156 -3
208 -3
245 -3
179 -3
150 -3
162 -3
215 -3
242 -3
175 -3
139 -3
149 -3
206 -3
240 -3
176 -3
136 -3
142 -3
190 -3
220 -3
160 -3
132 -3
142 -3
187 -3
227 -3
160 -3
125 -3
124 -3
175 -3
200 -3
136 -3
104 -3
116 -3
158 -3
188 -3
134 -3
105 -3
109 -3
160 -3
197 -3
137 -3
100 -3
105 -3
147 -3
190 -3
132 -3
101 -3
103 -3
148 -3
187 -3
127 -3
92 -3
91 -3
140 -3
173 -3
114 -3
93 -3
96 -3
145 -3
176 -3
111 -3
86 -3
89 -3
140 -3
171 -3
116 -3
84 -3
96 -3
145 -3
178 -3
119 -3
82 -3
82 -3
130 -3
168 -3
106 -3
78 -3
82 -3
132 -3
163 -3
95 -3
59 -3
64 -3
121 -3
150 -3
92 -3
56 -3
61 -3
115 -3
147 -3
90 -3
64 -3
66 -3
118 -3
154 -3
95 -3
59 -3
73 -3
127 -3
155 -3
88 -3
53 -3
53 -3
108 -3
141 -3
80 -3
46 -3
51 -3
102 -3
140 -3
80 -3
46 -3
46 -3
93 -3
118 -3
64 -3
30 -3
36 -3
100 -3
126 -3
57 -3
25 -3
44 -3
99 -3
133 -3
71 -3
40 -3
44 -3
101 -3
133 -3
70 -3
20 -3
34 -3
82 -3
102 -3
43 -3
18 -3
27 -3
81 -3
117 -3
51 -3
22 -3
34 -3
85 -3
120 -3
51 -3
18 -3
28 -3
88 -3
116 -3
60 -3
35 -3
35 -3
86 -3
116 -3
53 -3
22 -3
29 -3
77 -3
100 -3
44 -3
16 -3
21 -3
79 -3
99 -3
34 -3
10 -3
13 -3
65 -3
87 -3
30 -3
-3 -3
5 -3
75 -3
116 -3
72 -3
59 -3
79 -3
157 -3
199 -3
153 -3
136 -3
157 -3
220 -3
252 -3
198 -3
180 -3
203 -3
261 -3
296 -3
240 -3
217 -3
230 -3
291 -3
318 -3
253 -3
223 -3
229 -3
275 -3
307 -3
249 -3
211 -3
221 -3
262 -3
278 -3
215 -3
192 -3
202 -3
259 -3
281 -3
215 -3
189 -3
196 -3
244 -3
270 -3
204 -3
179 -3
185 -3
238 -3
253 -3
199 -3
174 -3
166 -3
208 -3
230 -3
178 -3
149 -3
161 -3
210 -3
229 -3
171 -3
147 -3
148 -3
208 -4
230 -3
170 -3
140 -3
143 -3
205 -3
229 -3
162 -3
122 -3
135 -3
194 -3
214 -3
159 -3
127 -3
136 -3
189 -3
213 -3
146 -3
115 -3
121 -3
177 -4
204 -3
137 -3
109 -3
110 -3
168 -3
190 -3
135 -3
97 -3
109 -3
163 -3
182 -3
116 -3
87 -3
100 -3
147 -3
167 -3
110 -3
86 -2
96 -3
152 -3
171 -3
113 -3
82 -3
87 -3
141 -3
163 -3
104 -3
73 -3
78 -3
133 -3
149 -3
97 -3
76 -3
88 -3
123 -3
133 -3
74 -3
50 -2
67 -3
121 -3
144 -3
79 -3
46 -3
59 -3
115 -3
135 -3
76 -3
37 -3
37 -3
100 -3
125 -3
60 -3
27 -3
37 -3
97 -3
112 -3
48 -3
28 -3
38 -3
94 -3
112 -3
57 -3
27 -3
32 -3
81 -4
96 -3
42 -3
16 -3
21 -3
73 -3
91 -3
36 -3
12 -3
28 -3
84 -3
97 -3
37 -3
18 -3
24 -3
71 -3
86 -3
34 -3
-1 -3
3 -3
60 -3
82 -3
29 -3
1 -3
11 -3
70 -3
91 -3
32 -3
8 -3
13 -3
65 -3
82 -3
22 -3
-6 -3
-1 -3
52 -3
65 -3
8 -3
-19 -3
-8 -3
54 -3
70 -3
13 -3
-13 -3
0 -3
49 -3
59 -3
6 -3
-16 -3
-5 -3
47 -3
66 -3
10 -3
-11 -3
-11 -3
33 -3
49 -3
2 -3
-28 -3
-20 -3
38 -3
52 -3
-10 -3
-38 -3
-28 -3
34 -3
56 -3
-3 -3
-37 -3
-33 -3
21 -3
41 -3
-13 -3
-37 -3
-27 -3
30 -3
46 -4
-9 -3
-37 -3
-27 -3
28 -3
43 -3
-17 -3
-42 -3
-39 -3
20 -3
27 -4
-35 -3
-62 -3
-48 -3
15 -3
26 -3
-36 -3
-59 -3
-45 -3
13 -3
22 -3
-30 -3
-43 -3
-33 -3
30 -3
35 -3
-28 -3
-50 -3
-39 -3
18 -3
27 -3
-24 -3
-52 -3
-39 -3
24 -4
37 -3
-33 -3
-58 -3
-51 -3
4 -4
21 -3
-30 -3
-51 -3
-28 -3
42 -3
37 -3
-63 -3
-113 -3
-119 -3
-80 -3
-84 -3
-160 -3
-205 -3
-217 -3
-170 -3
-175 -3
-243 -3
-279 -3
-289 -3
-241 -3
-238 -3
-303 -3
-332 -3
-319 -3
-251 -3
-241 -3
-290 -3
-306 -3
-295 -3
-224 -3
-213 -3
-275 -3
-295 -3
-272 -3
-216 -3
-207 -3
-268 -3
-293 -3
-274 -3
-214 -3
-199 -3
-249 -3
-277 -3
-267 -3
-201 -3
-195 -3
-249 -3
-275 -3
-257 -3
-192 -3
-188 -3
-244 -3
-277 -3
-260 -3
-198 -4
-185 -3
-240 -3
-270 -3
-248 -3
-166 -3
-148 -3
-215 -3
-243 -3
-227 -3
-163 -3
-153 -3
-203 -3
-229 -3
-214 -3
-158 -3
-147 -3
-212 -3
-240 -3
-221 -3
-153 -3
-145 -3
-199 -3
-214 -3
-203 -3
-143 -4
-137 -3
-193 -3
-217 -3
-204 -3
-139 -3
-135 -3
-184 -3
-206 -3
-198 -3
-135 -3
-122 -3
-180 -3
-202 -3
-191 -3
-120 -3
-121 -3
-178 -3
-203 -3
-195 -3
-128 -3
-128 -3
-180 -3
-202 -3
-192 -3
-132 -3
-124 -3
-179 -3
-196 -3
-185 -3
-125 -4
-112 -3
-153 -3
-161 -3
-158 -3
-110 -4
-102 -3
-168 -3
-188 -3
-172 -3
-102 -3
-93 -3
-149 -3
-174 -3
-157 -3
-95 -3
-97 -3
-153 -3
-170 -3
-161 -3
-95 -3
-89 -3
-144 -3
-167 -3
-152 -3
-83 -3
-83 -3
-147 -3
-168 -3
-152 -3
-93 -3
-90 -3
-138 -3
-159 -3
-141 -3
-67 -4
-65 -3
-130 -3
-155 -3
-142 -3
-84 -3
-79 -3
-137 -3
-153 -3
-133 -3
-71 -3
-68 -3
-124 -3
-147 -3
-136 -3
-68 -3
-65 -3
-116 -3
-145 -3
-133 -3
-58 -3
-59 -3
-114 -3
-145 -3
-127 -3
-59 -3
-54 -3
-109 -3
-136 -3
-121 -3
-55 -3
-53 -3
-115 -3
-132 -3
-122 -3
-65 -3
-61 -3
-114 -3
-134 -3
-118 -3
-45 -4
-48 -4
-103 -3
-127 -3
-114 -3
-38 -3
-35 -3
-97 -3
-124 -3
