14 -3
30 -3
39 -3
28 -3
0 -3
14 -3
33 -3
34 -3
20 -3
2 -3
15 -3
28 -3
27 -3
20 -3
2 -3
14 -3
29 -3
34 -3
28 -3
4 -3
11 -3
28 -3
37 -3
22 -3
4 -3
13 -3
31 -3
30 -3
22 -3
-1 -3
13 -3
34 -3
37 -3
29 -3
5 -4
18 -3
34 -3
42 -3
23 -3
-3 -3
13 -3
32 -3
33 -3
29 -3
4 -3
14 -3
40 -3
47 -3
31 -3
7 -3
26 -3
42 -3
43 -3
31 -3
10 -3
27 -3
40 -3
45 -3
30 -3
7 -3
24 -3
25 -3
35 -3
27 -3
13 -3
34 -3
60 -3
58 -3
60 -3
26 -3
57 -3
90 -3
107 -3
115 -3
108 -3
149 -3
171 -3
197 -3
225 -3
223 -3
269 -3
277 -3
305 -3
311 -3
305 -3
326 -3
342 -3
351 -3
353 -3
331 -3
349 -3
366 -3
375 -3
366 -3
324 -3
354 -3
343 -3
336 -3
320 -3
295 -3
293 -3
281 -3
279 -3
262 -3
232 -3
234 -3
225 -3
226 -3
207 -3
168 -3
163 -3
178 -3
171 -3
143 -3
72 -3
78 -3
97 -3
96 -3
86 -3
48 -4
38 -3
59 -3
100 -3
88 -3
73 -3
111 -3
143 -3
145 -3
124 -3
105 -3
152 -3
173 -3
173 -3
178 -3
136 -3
164 -3
178 -3
165 -3
154 -3
142 -3
171 -3
182 -3
157 -3
140 -3
121 -3
132 -3
159 -2
157 -3
135 -3
102 -3
105 -3
133 -3
132 -3
127 -3
102 -3
115 -3
120 -3
123 -3
103 -4
75 -4
78 -3
121 -3
106 -3
93 -3
91 -3
86 -3
97 -3
93 -3
92 -3
64 -3
84 -3
100 -3
109 -3
94 -3
71 -3
84 -3
96 -3
87 -3
69 -3
49 -3
70 -3
69 -3
67 -3
59 -3
41 -3
56 -3
55 -3
45 -3
33 -3
20 -3
28 -3
35 -3
43 -3
21 -3
0 -3
18 -3
42 -3
52 -3
37 -3
-5 -3
10 -3
32 -3
28 -3
25 -3
-7 -3
2 -3
10 -3
4 -3
-15 -3
-34 -3
-18 -3
-12 -3
-13 -3
-20 -3
-43 -4
-31 -3
-16 -3
-17 -3
-41 -3
-69 -3
-55 -3
-37 -3
-33 -3
-44 -3
-65 -3
-49 -3
-39 -3
-38 -3
-45 -3
-68 -3
-58 -3
-41 -3
-43 -3
-55 -3
-75 -3
-57 -3
-45 -3
-48 -3
-60 -3
-84 -3
-66 -3
-55 -3
-53 -3
-61 -3
-83 -4
-70 -3
-64 -3
-67 -3
-82 -3
-99 -3
-84 -3
-67 -3
-66 -3
-72 -3
-96 -3
-85 -3
-73 -3
-72 -3
-81 -3
-101 -3
-84 -3
-59 -3
-60 -3
-82 -3
-99 -3
-71 -3
-68 -3
-83 -3
-93 -3
-113 -3
-98 -3
-79 -3
-80 -3
-99 -3
-126 -3
-108 -3
-89 -3
-83 -3
-94 -3
-113 -3
-101 -3
-89 -3
-81 -3
-96 -3
-118 -3
-102 -3
-91 -3
-81 -3
-87 -3
-109 -3
-96 -3
-77 -3
-72 -3
-84 -3
-119 -3
-96 -3
-80 -3
-83 -3
-93 -3
-110 -3
-93 -3
-75 -3
-73 -3
-83 -3
-112 -3
-99 -3
-85 -3
-82 -3
-95 -3
-118 -3
-97 -3
-91 -3
-84 -3
-105 -3
-129 -3
-112 -3
-94 -3
-98 -3
-109 -3
-130 -3
-108 -3
-95 -3
-100 -3
-109 -3
-127 -3
-108 -3
-88 -3
-85 -3
-102 -3
-127 -3
-106 -3
-90 -3
-84 -3
-90 -3
-109 -3
-99 -3
-86 -3
-83 -3
-88 -3
-109 -3
-98 -3
-88 -3
-81 -3
-95 -3
-122 -3
-100 -3
-80 -3
-81 -3
-92 -3
-114 -4
-94 -3
-81 -3
-83 -3
-96 -3
-113 -3
-94 -3
-72 -3
-67 -3
-81 -3
-108 -3
-94 -3
-77 -3
-73 -3
-84 -3
-99 -3
-82 -3
-69 -3
-74 -3
-82 -3
-99 -3
-81 -3
-65 -3
-61 -3
-69 -3
-88 -3
-67 -3
-52 -3
-46 -3
-63 -3
-84 -3
-60 -3
-40 -3
-39 -3
-58 -3
-82 -3
-58 -3
-41 -3
-44 -3
-54 -3
-77 -3
-56 -3
-38 -3
-34 -3
-46 -3
-69 -3
-57 -3
-42 -3
-37 -3
-53 -3
-70 -3
-48 -3
-45 -3
-43 -3
-49 -3
-66 -3
-44 -3
-37 -3
-35 -3
-48 -3
-68 -3
-41 -3
-25 -3
-36 -3
-60 -3
-79 -3
-62 -3
-46 -3
-38 -3
-51 -3
-73 -3
-54 -3
-42 -3
-43 -3
-53 -3
-74 -3
-54 -3
-35 -3
-33 -3
-48 -3
-66 -3
-51 -3
-42 -3
-44 -3
-61 -3
-70 -3
-50 -3
-35 -3
-34 -3
-50 -3
-61 -3
-41 -3
-32 -3
-32 -3
-44 -3
-64 -3
-48 -3
-35 -3
-32 -3
-40 -3
-59 -3
-43 -3
-32 -3
-29 -3
-48 -3
-70 -3
-48 -3
-36 -3
-36 -3
-52 -3
-71 -3
-47 -3
-31 -3
-32 -3
-48 -3
-59 -3
-47 -3
-41 -3
-37 -3
-52 -3
-67 -4
-51 -3
-39 -3
-31 -3
-49 -3
-67 -3
-49 -3
-29 -3
-31 -3
-51 -3
-65 -3
-47 -3
-30 -3
-29 -3
-47 -3
-60 -3
-43 -3
-29 -3
-30 -3
-49 -3
-66 -3
-46 -3
-36 -3
-35 -3
-47 -3
-69 -3
-49 -3
-25 -3
-28 -3
-44 -3
-63 -3
-38 -3
-29 -3
-34 -3
-48 -3
-61 -3
-36 -3
-18 -3
-18 -3
-39 -3
-55 -3
-36 -3
-28 -3
-28 -3
-40 -3
-53 -3
-37 -3
-24 -3
-23 -3
-38 -3
-58 -3
-44 -3
-28 -3
-37 -3
-48 -3
-69 -3
-47 -3
-36 -3
-34 -3
-51 -3
-63 -3
-38 -3
-32 -3
-42 -3
-53 -3
-67 -3
-46 -3
-36 -3
-38 -3
-51 -3
-67 -3
-45 -3
-29 -3
-29 -3
-47 -3
-66 -3
-44 -3
-35 -3
-27 -3
-40 -3
-55 -3
-38 -3
-30 -3
-33 -3
-45 -3
-55 -3
-37 -3
-23 -3
-29 -3
-47 -3
-65 -3
-46 -3
-31 -3
-28 -3
-51 -3
-70 -3
-48 -3
-40 -3
-43 -3
-58 -3
-71 -3
-55 -3
-36 -3
-39 -3
-50 -3
-68 -3
-56 -3
-46 -3
-38 -3
-61 -3
-73 -3
-55 -3
-44 -3
-45 -3
-59 -3
-76 -3
-57 -3
-38 -3
-28 -3
-57 -3
-79 -3
-56 -3
-47 -3
-46 -3
-60 -3
-63 -3
-40 -3
-34 -3
-41 -3
-61 -3
-78 -3
-58 -3
-49 -3
-51 -3
-62 -3
-72 -3
-54 -3
-43 -3
-42 -3
-57 -3
-78 -3
-49 -3
-32 -3
-37 -3
-57 -3
-69 -3
-46 -3
-35 -3
-30 -3
-41 -3
-50 -3
-29 -3
-22 -3
-27 -3
-47 -4
-48 -3
-27 -3
-17 -3
-16 -3
-42 -3
-49 -3
-30 -3
-16 -3
-20 -3
-42 -3
-57 -3
-26 -3
-17 -3
-22 -3
-37 -4
-51 -3
-31 -3
-18 -3
-22 -3
-37 -3
-41 -3
-13 -3
-12 -3
-21 -3
-36 -3
-53 -3
-36 -3
-15 -3
-17 -3
-38 -3
-41 -3
-32 -3
-26 -3
-25 -3
-29 -3
-52 -3
-22 -3
1 -3
-4 -3
-29 -3
-30 -3
-18 -3
-23 -3
5 -3
2 -4
-14 -3
15 -3
38 -3
38 -3
22 -3
23 -3
48 -3
56 -3
44 -3
17 -3
-9 -3
-6 -3
-2 -3
-12 -3
-38 -3
-52 -3
-48 -3
-34 -3
-56 -3
-88 -3
-101 -3
-77 -3
-70 -3
-88 -3
-113 -3
-128 -3
-93 -3
-85 -3
-102 -3
-118 -3
-125 -3
-103 -3
-101 -3
-109 -3
-128 -3
-133 -3
-107 -3
-102 -3
-102 -3
-126 -3
-149 -3
-120 -3
-102 -3
-92 -3
-116 -4
-134 -3
-126 -3
-104 -3
-114 -3
-133 -3
-139 -3
-124 -3
-110 -3
-103 -3
-119 -3
-115 -3
-118 -3
-110 -3
-97 -3
-120 -4
-125 -3
-106 -3
-109 -3
-111 -3
-123 -3
-122 -4
-99 -3
-95 -3
-88 -3
-108 -3
-113 -3
-95 -3
-84 -3
-82 -4
-98 -3
-115 -3
-93 -3
-80 -3
-75 -3
-99 -3
-129 -3
-87 -3
-87 -3
-89 -3
-101 -3
-106 -3
-93 -3
-75 -3
-84 -3
-113 -3
-118 -3
-81 -3
-61 -3
-71 -3
-100 -3
-100 -3
-69 -3
-62 -3
-75 -3
-98 -3
-99 -3
-77 -3
-51 -3
-66 -3
-91 -3
-105 -3
-82 -3
-64 -3
-60 -3
-79 -3
-89 -4
-63 -3
-50 -3
-51 -3
-60 -3
-65 -3
-69 -3
-66 -3
-59 -3
-80 -3
-80 -3
-47 -3
-48 -3
-55 -3
-74 -3
-68 -3
-37 -3
-49 -3
-49 -3
-72 -3
-70 -3
-48 -3
-41 -3
-57 -3
-69 -3
-74 -3
-71 -3
-48 -3
-41 -3
-61 -3
-88 -3
-62 -3
-44 -3
-51 -3
-79 -3
-83 -3
-67 -3
-55 -3
-53 -3
-76 -3
-79 -3
-57 -3
-46 -3
-52 -3
-74 -3
-82 -3
-56 -3
-38 -3
-56 -3
-70 -3
-71 -3
-55 -3
-55 -3
-57 -3
-77 -3
-81 -3
-61 -3
-37 -3
-43 -3
-74 -3
-79 -3
-45 -3
-33 -3
-42 -3
-73 -3
-69 -3
-50 -3
-38 -3
-45 -3
-64 -3
-60 -3
-46 -3
-46 -3
-49 -3
-68 -3
-66 -3
-45 -3
-23 -3
-44 -3
-74 -3
-60 -3
-43 -3
-30 -3
-28 -3
-39 -4
-50 -3
-30 -3
-10 -3
-18 -3
-52 -3
-54 -3
-32 -3
-18 -3
-29 -3
-51 -3
-54 -3
-33 -3
-29 -3
-30 -3
-50 -3
-57 -3
-32 -3
-15 -3
-30 -3
-57 -3
-58 -3
-30 -3
-15 -3
-22 -3
-56 -3
-55 -3
-29 -3
-12 -2
-23 -3
-37 -3
-46 -3
-27 -3
-22 -3
-28 -3
-44 -3
-39 -3
-17 -3
-11 -3
-22 -3
-35 -3
-46 -3
-29 -3
-26 -3
-36 -3
-47 -3
-47 -3
-24 -3
-4 -3
-9 -3
-47 -3
-56 -3
-21 -3
-12 -3
-18 -3
-40 -3
-41 -3
-21 -3
-7 -3
-12 -3
-38 -3
-32 -3
-8 -3
-12 -3
-17 -3
-38 -3
-42 -3
-28 -3
-17 -3
-20 -3
-43 -3
-38 -3
-19 -3
-9 -3
-14 -3
-32 -3
-26 -3
-4 -3
0 -3
-5 -3
-31 -3
-20 -3
-10 -3
4 -3
0 -3
-21 -3
-15 -3
0 -3
11 -3
4 -3
-19 -3
-14 -3
7 -3
16 -3
14 -3
-2 -3
-4 -3
8 -3
16 -3
7 -3
-16 -3
-13 -3
10 -3
21 -3
18 -3
2 -3
-7 -3
18 -3
28 -3
19 -3
-10 -3
-9 -3
20 -3
37 -3
28 -3
2 -3
-2 -3
5 -3
13 -3
16 -3
0 -3
-3 -3
22 -3
28 -3
19 -3
-9 -3
-8 -3
22 -3
35 -3
32 -3
6 -3
4 -3
11 -3
21 -3
32 -3
3 -4
-2 -3
29 -3
50 -3
30 -3
3 -3
12 -3
32 -3
44 -3
32 -3
12 -3
11 -3
34 -3
51 -3
35 -3
16 -3
21 -3
36 -3
37 -3
32 -3
10 -3
13 -3
