25 -3
12 -3
8 -4
28 -3
34 -3
27 -3
18 -3
9 -3
17 -3
29 -3
25 -3
21 -3
21 -3
25 -3
29 -3
24 -3
21 -4
25 -3
39 -3
37 -3
29 -3
14 -3
13 -3
18 -3
27 -3
21 -3
17 -3
16 -3
24 -3
32 -3
32 -3
18 -3
12 -3
15 -3
20 -3
26 -3
17 -3
12 -3
20 -3
32 -3
27 -3
16 -3
8 -3
22 -3
25 -3
16 -3
8 -3
9 -3
15 -3
21 -3
20 -3
8 -3
-2 -3
6 -3
17 -3
14 -3
9 -3
28 -3
37 -3
45 -3
56 -3
63 -3
81 -3
105 -3
116 -3
109 -3
116 -3
113 -3
120 -3
125 -3
122 -3
111 -3
104 -3
107 -3
110 -3
108 -3
89 -3
84 -3
84 -3
95 -3
107 -3
83 -3
70 -3
81 -3
82 -3
88 -3
86 -3
69 -3
75 -3
81 -3
80 -3
78 -3
71 -4
70 -3
77 -3
76 -3
61 -3
65 -3
71 -3
87 -3
86 -3
60 -3
56 -3
74 -3
79 -3
82 -3
61 -3
56 -3
83 -3
83 -3
86 -3
71 -3
85 -3
91 -3
75 -3
70 -3
78 -3
66 -3
73 -3
59 -3
50 -3
50 -3
47 -3
53 -3
53 -3
61 -3
54 -3
53 -3
59 -3
65 -3
48 -3
51 -3
61 -3
65 -3
79 -3
57 -3
43 -4
45 -3
61 -3
56 -3
51 -3
56 -3
75 -3
72 -3
59 -3
54 -3
52 -3
50 -3
48 -3
63 -3
73 -3
50 -3
36 -3
57 -3
61 -3
46 -3
48 -3
52 -4
58 -3
59 -3
66 -3
53 -3
39 -3
32 -3
42 -3
57 -3
44 -4
41 -3
52 -3
55 -3
64 -3
50 -3
36 -3
43 -3
45 -3
50 -3
49 -3
45 -3
46 -3
57 -3
47 -3
43 -3
43 -3
54 -3
50 -3
45 -3
29 -3
34 -3
41 -3
58 -3
55 -3
54 -3
43 -3
48 -3
54 -2
54 -3
42 -3
39 -3
43 -3
44 -3
48 -3
41 -3
46 -4
45 -3
54 -3
55 -3
32 -3
20 -3
18 -3
39 -3
50 -3
36 -3
34 -3
36 -3
30 -3
40 -3
46 -3
39 -3
44 -3
48 -3
31 -3
29 -3
29 -3
43 -3
49 -3
47 -3
28 -3
34 -3
44 -3
41 -3
42 -3
37 -3
44 -3
46 -3
51 -3
37 -3
37 -3
65 -3
45 -3
33 -3
36 -3
28 -3
32 -3
42 -3
47 -3
42 -3
36 -3
23 -3
34 -3
41 -3
37 -3
35 -3
32 -3
44 -3
43 -3
49 -3
30 -3
10 -3
19 -3
38 -3
38 -3
30 -3
28 -3
39 -3
37 -3
35 -3
31 -3
25 -3
32 -3
26 -3
23 -3
13 -3
16 -3
23 -3
24 -3
25 -3
27 -3
24 -3
40 -3
46 -3
33 -3
25 -3
23 -3
31 -3
31 -3
31 -3
17 -3
25 -3
34 -3
24 -3
15 -3
16 -4
21 -3
19 -3
24 -3
14 -3
3 -3
16 -3
22 -3
22 -3
6 -3
-30 -3
-44 -3
-34 -3
-29 -3
-45 -3
-47 -3
-35 -3
-44 -3
-53 -3
-44 -3
-46 -3
-62 -3
-58 -3
-63 -3
-67 -3
-71 -3
-58 -3
-35 -3
-41 -3
-65 -3
-74 -3
-65 -3
-54 -3
-53 -3
-67 -3
-72 -3
-52 -3
-60 -3
-58 -3
-63 -3
-70 -3
-45 -3
-50 -3
-52 -3
-60 -3
-70 -3
-66 -3
-53 -3
-48 -3
-58 -3
-68 -3
-49 -3
-57 -3
-49 -3
-49 -3
-62 -3
-73 -3
-65 -3
-56 -3
-55 -3
-51 -3
-64 -3
-62 -3
-51 -3
-45 -3
-59 -3
-56 -3
-37 -3
-13 -3
-32 -3
-66 -3
-71 -3
-45 -3
-37 -3
-37 -3
-57 -3
-49 -3
-42 -3
-47 -3
-34 -3
-32 -3
-49 -3
-49 -3
-40 -3
-56 -3
-61 -4
-44 -3
-29 -3
-40 -3
-38 -3
-47 -3
-49 -3
-45 -3
-41 -3
-42 -3
-49 -3
-50 -3
-44 -3
-43 -3
-52 -3
-45 -3
-51 -3
-59 -3
-32 -3
-22 -3
-45 -3
-40 -3
-47 -3
-43 -3
-40 -3
-60 -3
-54 -3
-38 -3
-15 -3
-38 -3
-55 -3
-54 -4
-41 -3
-26 -3
-30 -3
-52 -3
-54 -3
-39 -3
-52 -3
-56 -3
-53 -3
-51 -3
-24 -3
-22 -3
-40 -3
-54 -3
-46 -3
-30 -3
-21 -3
-31 -3
-44 -3
-37 -3
-28 -3
-30 -3
-32 -3
-34 -3
-34 -3
-33 -3
-33 -3
-29 -3
-36 -3
-38 -3
-30 -3
-26 -3
-36 -3
-41 -3
-33 -3
-23 -3
-22 -3
-25 -3
-30 -3
-30 -3
-18 -3
-18 -3
-15 -3
-27 -4
-29 -3
-18 -3
-5 -3
-7 -3
-18 -3
-16 -3
-7 -3
-13 -3
-9 -3
-14 -3
-23 -3
-31 -3
-27 -3
-48 -3
-61 -3
-77 -3
-87 -3
-94 -3
-106 -3
-118 -3
-112 -3
-99 -3
-95 -3
-97 -3
-102 -3
-101 -3
-102 -3
-106 -3
-116 -3
-113 -3
-117 -3
-105 -3
-105 -3
-103 -3
-96 -3
-110 -3
-117 -3
-110 -3
-106 -3
-126 -3
-125 -3
-121 -3
-117 -3
-117 -3
-121 -3
-126 -3
-113 -3
-104 -3
-121 -3
-121 -3
-126 -3
-119 -3
-114 -3
-121 -3
-124 -3
-127 -3
-119 -3
-106 -3
-123 -3
-119 -3
-121 -3
-103 -3
-82 -3
-114 -3
-129 -3
-137 -3
-132 -3
-126 -3
-124 -3
-151 -3
-172 -3
-166 -3
-155 -3
-156 -3
-180 -3
-185 -3
-174 -3
-160 -3
-180 -3
-187 -4
-186 -3
-161 -3
-171 -3
-160 -3
-156 -3
-145 -3
-157 -3
-162 -3
-167 -3
-171 -3
-166 -4
-153 -3
-136 -3
-144 -3
-157 -3
-144 -3
-134 -3
-137 -3
-149 -3
-148 -3
-139 -3
-135 -3
-131 -3
-122 -3
-129 -3
-128 -3
-117 -3
-107 -3
-122 -3
-141 -3
-141 -3
-125 -3
-110 -3
-108 -3
-123 -4
-143 -4
-138 -3
-128 -3
-131 -4
-114 -3
-121 -3
-120 -3
-122 -3
-132 -3
-116 -3
-128 -4
-126 -3
-118 -3
-129 -3
-122 -4
-103 -3
-105 -3
-121 -3
-136 -3
-117 -3
-117 -3
-102 -3
-107 -3
-108 -3
-126 -4
-116 -3
-98 -3
-102 -3
-84 -3
-104 -3
-116 -3
-106 -3
-109 -3
-90 -3
-87 -4
-115 -3
-111 -3
-100 -3
-93 -3
-101 -4
-109 -3
-114 -3
-96 -3
-102 -3
-105 -3
-108 -3
-111 -3
-94 -3
-94 -3
-89 -4
-95 -3
-83 -3
-93 -3
-98 -3
-105 -3
-103 -3
-85 -3
-88 -3
-76 -3
-104 -3
-105 -3
-85 -3
-88 -3
-91 -4
-92 -4
-89 -4
-65 -3
-57 -3
-56 -3
-40 -3
-30 -3
-13 -3
12 -3
31 -3
19 -3
29 -3
50 -3
63 -3
46 -3
26 -3
14 -3
14 -3
25 -3
23 -3
16 -3
12 -3
18 -3
33 -3
13 -3
-10 -3
-7 -3
-2 -3
10 -3
7 -3
-10 -3
-19 -3
2 -3
19 -3
8 -3
-20 -3
-20 -3
-12 -3
-13 -3
-12 -3
-10 -3
-12 -3
-15 -3
-10 -3
-10 -3
-32 -3
-35 -3
-16 -3
-9 -3
-1 -3
-14 -3
-19 -3
-6 -3
0 -3
-10 -3
-8 -3
-6 -3
-8 -3
-18 -3
-15 -3
-10 -3
-14 -3
-6 -3
-3 -3
-8 -3
-9 -3
-11 -4
-4 -3
-8 -3
11 -3
10 -3
-7 -3
-16 -3
-5 -3
-13 -3
-16 -3
-11 -3
-9 -3
-9 -3
0 -3
-17 -3
-22 -3
-31 -3
-20 -3
-11 -3
-12 -3
-23 -3
-16 -3
-16 -3
-20 -3
-36 -3
-30 -3
-35 -3
-12 -3
14 -3
-9 -3
-38 -3
-36 -3
-31 -3
-19 -3
-26 -3
-23 -3
-21 -3
-22 -3
-33 -3
-31 -4
-7 -3
-3 -3
-26 -3
-32 -4
-35 -3
-22 -3
-17 -3
-5 -3
2 -3
-31 -3
-41 -3
-31 -3
-31 -3
-27 -3
-5 -3
-22 -3
-16 -3
-21 -3
-31 -3
-33 -3
-39 -3
-28 -3
-20 -3
-13 -3
-8 -3
-9 -3
-25 -3
-35 -3
-33 -3
-27 -3
-23 -3
-10 -3
-4 -3
-15 -3
-27 -3
-20 -3
-2 -3
-9 -3
-29 -3
-40 -3
-26 -3
3 -3
-19 -3
-17 -3
3 -3
7 -3
-13 -3
-24 -3
-28 -3
-30 -3
-22 -3
-12 -3
-10 -3
0 -3
-19 -3
-19 -3
-18 -3
-15 -3
-15 -3
-16 -4
-13 -3
-15 -3
-15 -3
-27 -3
-22 -3
-9 -3
-3 -3
-8 -3
-20 -3
-29 -3
-31 -3
-12 -3
5 -3
-7 -3
-23 -4
-26 -3
-17 -3
-9 -3
-11 -3
-25 -3
-20 -3
-8 -3
4 -3
-13 -3
-20 -4
-13 -3
-6 -3
-2 -3
7 -3
-1 -4
-13 -3
-1 -3
5 -3
4 -3
-23 -3
-26 -3
-12 -3
1 -3
0 -3
4 -3
9 -3
-2 -3
-28 -3
-20 -3
-14 -3
-10 -3
-4 -3
8 -3
7 -3
-1 -4
15 -3
18 -3
15 -3
3 -3
-12 -3
-11 -3
-6 -3
-2 -3
1 -3
12 -3
10 -3
-3 -3
2 -3
3 -3
1 -3
2 -3
22 -3
20 -3
10 -3
8 -3
22 -3
22 -3
12 -3
-1 -3
-7 -3
-1 -3
9 -3
12 -3
18 -3
13 -3
23 -3
11 -3
4 -3
0 -3
-6 -3
-1 -3
15 -3
24 -3
23 -3
12 -3
9 -4
23 -3
31 -3
28 -3
10 -3
-4 -3
10 -3
20 -3
18 -3
6 -3
1 -3
14 -3
18 -3
14 -3
15 -3
17 -3
23 -3
26 -3
29 -3
23 -3
11 -3
13 -3
29 -3
46 -3
27 -3
6 -3
17 -3
26 -3
26 -3
19 -4
19 -3
27 -3
33 -3
37 -3
44 -3
37 -3
19 -3
15 -3
18 -3
19 -3
25 -3
37 -3
40 -3
24 -3
13 -3
12 -3
25 -3
35 -3
31 -3
34 -3
45 -3
28 -3
28 -3
19 -3
7 -3
20 -3
24 -3
25 -3
22 -3
21 -3
22 -3
31 -3
36 -3
37 -3
19 -3
14 -3
23 -3
23 -3
26 -3
20 -3
18 -3
24 -3
29 -3
30 -3
18 -3
26 -3
26 -3
28 -3
21 -3
16 -3
22 -3
34 -3
39 -3
36 -3
26 -3
22 -3
42 -3
42 -3
27 -3
11 -3
5 -3
14 -3
21 -3
24 -3
23 -3
19 -3
28 -3
49 -3
34 -3
15 -3
11 -3
19 -3
29 -3
28 -3
20 -3
26 -3
35 -3
44 -3
32 -3
7 -3
12 -3
17 -3
20 -3
19 -3
15 -3
26 -3
38 -3
38 -3
27 -3
13 -3
10 -3
22 -3
28 -3
34 -3
29 -3
30 -3
33 -3
30 -3
33 -3
35 -3
40 -3
36 -3
35 -3
