-27 -3
-30 -3
-34 -3
-34 -3
-30 -3
-24 -3
-30 -3
-35 -4
-26 -3
-6 -3
-14 -3
-13 -3
4 -3
23 -3
34 -3
58 -3
80 -3
111 -3
106 -3
115 -3
139 -3
155 -3
157 -3
181 -3
207 -3
213 -3
211 -3
210 -3
206 -3
202 -3
194 -3
174 -3
175 -3
171 -3
170 -3
157 -3
144 -3
142 -3
133 -3
126 -3
118 -3
124 -3
128 -3
130 -3
118 -3
122 -3
111 -3
98 -3
96 -3
107 -3
119 -3
100 -3
96 -3
102 -3
103 -3
118 -3
110 -3
108 -3
113 -3
100 -3
100 -3
100 -3
114 -4
113 -3
91 -3
79 -3
106 -3
110 -3
80 -3
84 -3
93 -3
102 -3
99 -3
80 -3
88 -3
100 -3
95 -3
86 -3
70 -3
79 -3
92 -3
72 -3
76 -3
78 -3
82 -3
75 -3
79 -3
88 -3
77 -3
72 -3
63 -3
55 -3
65 -3
71 -3
54 -3
50 -3
56 -3
67 -3
69 -3
64 -3
60 -3
45 -3
63 -3
62 -3
50 -3
50 -3
58 -3
55 -3
60 -3
55 -3
51 -3
66 -3
63 -3
46 -3
54 -3
54 -3
46 -3
45 -3
50 -3
51 -3
54 -3
43 -3
33 -3
32 -3
31 -3
45 -3
40 -3
32 -3
38 -3
44 -3
44 -3
35 -3
29 -3
34 -3
36 -3
24 -3
28 -3
32 -3
28 -3
33 -3
28 -3
23 -3
30 -3
19 -3
19 -3
19 -3
17 -3
8 -3
14 -3
13 -3
15 -3
24 -3
4 -3
15 -3
21 -3
15 -3
11 -3
6 -3
12 -3
3 -3
7 -3
1 -3
16 -4
14 -4
7 -3
20 -3
3 -3
-6 -3
-5 -3
1 -3
17 -3
9 -3
1 -3
-3 -3
4 -3
7 -3
9 -3
2 -3
8 -3
17 -3
8 -3
6 -3
1 -3
1 -4
3 -4
2 -3
4 -3
-1 -3
2 -3
4 -3
-4 -3
-5 -3
-7 -3
-1 -3
-4 -3
4 -3
0 -3
-3 -3
-1 -3
2 -3
8 -3
1 -3
-7 -3
-3 -3
2 -3
10 -3
6 -3
1 -3
4 -3
10 -3
11 -3
4 -3
0 -3
-2 -3
1 -3
2 -3
1 -3
-1 -3
-5 -3
-2 -3
-5 -3
-4 -3
0 -3
3 -3
-10 -3
-13 -3
-5 -3
-9 -3
-4 -3
-1 -3
-5 -3
3 -3
-10 -3
-11 -3
-7 -3
-11 -3
-10 -3
-8 -3
-9 -3
-1 -3
-1 -3
-12 -3
-14 -3
-16 -3
-5 -3
-4 -3
-5 -3
-9 -3
-3 -3
3 -3
2 -3
-3 -3
-6 -3
-9 -3
-8 -3
-12 -3
-19 -3
-18 -3
-13 -3
-7 -3
-5 -3
-5 -3
-14 -3
-16 -3
-14 -3
-11 -3
-21 -3
-12 -3
-10 -3
-9 -3
-18 -3
-14 -3
-20 -3
-10 -3
-3 -3
0 -3
-5 -3
-9 -3
-12 -3
-12 -3
-9 -3
-12 -3
-12 -3
-10 -3
-2 -3
-2 -3
-5 -3
-6 -3
-4 -3
1 -3
3 -3
3 -3
-9 -3
-4 -3
-3 -3
3 -3
0 -3
2 -3
8 -3
14 -3
18 -3
14 -3
17 -3
24 -3
26 -3
27 -3
44 -3
56 -3
48 -3
59 -3
76 -3
68 -3
66 -3
88 -3
103 -3
111 -3
107 -3
104 -3
111 -3
122 -3
126 -3
119 -3
113 -3
99 -3
84 -3
78 -3
60 -3
32 -3
14 -3
4 -3
6 -3
-6 -3
-39 -3
-52 -3
-64 -3
-82 -3
-95 -3
-96 -3
-106 -3
-115 -3
-121 -3
-119 -3
-110 -3
-122 -4
-136 -3
-145 -3
-143 -3
-137 -3
-139 -3
-133 -3
-133 -3
-164 -3
-166 -3
-164 -3
-167 -3
-165 -3
-151 -3
-166 -3
-185 -4
-177 -3
-178 -3
-192 -3
-197 -3
-175 -3
-173 -3
-176 -3
-194 -3
-183 -3
-174 -3
-173 -3
-174 -3
-168 -3
-162 -3
-159 -3
-169 -3
-172 -3
-162 -3
-166 -3
-166 -3
-177 -3
-172 -3
-157 -3
-165 -3
-170 -3
-182 -3
-170 -3
-167 -3
-181 -3
-178 -3
-170 -3
-162 -3
-158 -3
-162 -3
-171 -3
-159 -3
-158 -3
-151 -3
-169 -3
-161 -3
-143 -3
-140 -3
-159 -3
-172 -3
-153 -3
-145 -3
-149 -3
-163 -3
-167 -3
-141 -3
-127 -3
-145 -3
-160 -3
-147 -3
-150 -3
-167 -3
-150 -3
-153 -3
-142 -3
-138 -3
-134 -3
-150 -3
-154 -3
-138 -3
-145 -3
-138 -3
-132 -3
-133 -3
-141 -3
-130 -3
-125 -3
-125 -3
-127 -3
-132 -3
-138 -3
-136 -3
-131 -3
-114 -3
-115 -4
-117 -3
-122 -3
-134 -3
-125 -3
-128 -4
-124 -3
-126 -3
-123 -3
-128 -4
-122 -3
-113 -3
-119 -3
-117 -3
-117 -3
-111 -3
-116 -3
-111 -3
-104 -3
-119 -3
-118 -3
-117 -3
-109 -3
-107 -3
-115 -3
-118 -3
-109 -3
-89 -3
-84 -3
-99 -3
-109 -3
-112 -3
-110 -3
-100 -3
-97 -3
-94 -3
-102 -3
-99 -3
-93 -3
-98 -3
-111 -3
-99 -3
-88 -3
-79 -3
-88 -3
-101 -3
-98 -3
-88 -3
-84 -3
-83 -3
-89 -3
-85 -3
-70 -3
-65 -3
-77 -3
-78 -3
-74 -3
-64 -3
-62 -3
-63 -3
-67 -3
-69 -3
-59 -3
-60 -3
-67 -3
-69 -3
-60 -3
-54 -3
-64 -3
-66 -3
-72 -3
-67 -3
-79 -3
-94 -3
-105 -3
-115 -3
-128 -3
-116 -3
-114 -3
-123 -3
-129 -3
-130 -3
-132 -3
-130 -3
-120 -3
-122 -3
-130 -3
-117 -3
-123 -3
-129 -3
-136 -3
-137 -3
-131 -3
-125 -3
-145 -3
-169 -3
-179 -3
-171 -3
-177 -3
-189 -3
-189 -3
-196 -3
-196 -3
-198 -3
-195 -3
-207 -3
-209 -3
-202 -3
-191 -3
-192 -3
-193 -3
-181 -3
-174 -3
-175 -3
-173 -3
-175 -4
-177 -3
-165 -3
-166 -3
-163 -3
-176 -3
-162 -3
-160 -3
-182 -3
-180 -3
-169 -3
-171 -3
-171 -3
-160 -3
-159 -3
-167 -3
-156 -3
-140 -3
-146 -3
-166 -3
-167 -3
-156 -3
-139 -3
-129 -3
-134 -3
-142 -3
-156 -4
-150 -3
-139 -3
-128 -3
-140 -3
-133 -3
-137 -3
-127 -3
-129 -3
-132 -3
-142 -3
-119 -3
-126 -3
-135 -3
-137 -3
-125 -3
-119 -3
-129 -3
-121 -3
-127 -3
-125 -3
-121 -3
-119 -3
-128 -3
-128 -3
-130 -3
-108 -3
-95 -3
-104 -3
-111 -3
-113 -3
-132 -3
-120 -3
-119 -3
-122 -3
-118 -3
-110 -3
-96 -3
-96 -3
-103 -3
-96 -3
-91 -3
-77 -3
-87 -3
-100 -3
-89 -3
-73 -3
-91 -3
-96 -3
-84 -4
-75 -3
-81 -3
-83 -3
-99 -3
-92 -3
-71 -3
-69 -3
-85 -3
-58 -3
-60 -3
-83 -3
-88 -3
-84 -3
-79 -3
-82 -3
-81 -3
-70 -3
-77 -3
-83 -3
-74 -3
-72 -3
-83 -3
-81 -3
-70 -3
-71 -3
-68 -3
-64 -3
-62 -3
-66 -4
-62 -3
-51 -3
-55 -3
-69 -3
-72 -3
-74 -3
-50 -3
-31 -3
-37 -3
-48 -3
-57 -3
-56 -3
-46 -3
-26 -3
-28 -3
-35 -3
-26 -3
-20 -3
-39 -3
-50 -3
-43 -3
-21 -3
-32 -3
-40 -3
-32 -3
-25 -3
-19 -3
-12 -3
-29 -3
-36 -3
-34 -3
-42 -3
-31 -2
-17 -3
-19 -3
-29 -3
-23 -3
-21 -3
-11 -3
-17 -3
-21 -3
-26 -3
-15 -3
-14 -3
-10 -3
-17 -3
-17 -3
-14 -3
-8 -3
-19 -3
-15 -3
1 -3
10 -3
7 -3
-2 -3
-8 -3
0 -3
27 -3
16 -3
34 -3
44 -3
57 -3
75 -3
84 -3
111 -3
131 -3
156 -3
179 -3
173 -3
171 -3
174 -3
173 -4
186 -3
191 -3
180 -3
177 -3
170 -3
178 -3
175 -3
162 -3
152 -3
141 -3
146 -3
162 -3
152 -3
145 -3
142 -3
141 -3
151 -3
141 -3
126 -4
133 -3
131 -3
129 -3
117 -3
115 -4
130 -3
119 -3
105 -3
110 -3
119 -3
113 -3
121 -3
120 -3
109 -3
101 -3
97 -3
98 -3
94 -3
95 -3
93 -3
101 -4
109 -3
94 -3
92 -3
100 -3
102 -3
105 -3
107 -3
108 -3
109 -3
110 -3
115 -3
117 -3
109 -3
100 -3
104 -3
111 -3
108 -3
102 -3
96 -3
95 -3
99 -3
93 -3
92 -3
90 -3
94 -3
97 -3
94 -3
81 -3
85 -3
96 -3
94 -3
84 -3
94 -3
102 -3
89 -3
99 -3
108 -3
112 -3
92 -3
81 -3
80 -3
94 -3
113 -3
95 -3
84 -3
79 -3
87 -3
97 -3
94 -3
90 -3
94 -3
87 -3
79 -3
72 -3
71 -3
78 -3
94 -3
92 -3
74 -3
82 -3
88 -3
72 -3
58 -3
73 -3
88 -3
85 -3
82 -3
75 -3
60 -3
60 -3
74 -3
77 -3
65 -3
63 -3
62 -3
87 -3
91 -3
56 -3
46 -3
61 -3
74 -3
76 -3
69 -3
73 -4
69 -3
53 -3
58 -3
67 -3
78 -3
83 -3
76 -3
75 -3
76 -3
69 -3
57 -3
58 -3
58 -3
59 -3
67 -3
80 -3
66 -3
43 -3
45 -3
64 -3
69 -3
62 -3
61 -3
58 -3
51 -3
57 -3
69 -3
63 -3
47 -3
43 -3
50 -3
66 -3
75 -3
62 -3
46 -3
39 -3
41 -3
48 -3
56 -3
50 -3
42 -3
43 -3
56 -3
50 -3
48 -3
51 -3
45 -3
38 -3
37 -3
38 -3
38 -3
43 -3
51 -3
67 -3
43 -3
25 -3
25 -3
16 -3
24 -3
25 -3
37 -3
55 -3
48 -3
25 -3
28 -3
43 -3
49 -3
35 -3
31 -3
30 -3
32 -3
41 -3
56 -3
55 -3
41 -3
42 -3
42 -3
34 -3
36 -3
32 -3
27 -3
31 -3
39 -3
50 -3
30 -3
26 -3
27 -3
34 -3
37 -3
30 -3
24 -3
29 -3
36 -3
32 -3
40 -3
34 -3
34 -3
26 -3
21 -3
20 -3
20 -3
24 -3
32 -3
32 -3
33 -3
39 -3
43 -3
34 -3
15 -3
11 -3
23 -3
36 -3
38 -3
32 -3
29 -3
19 -2
24 -3
32 -3
19 -3
15 -3
25 -3
32 -3
31 -3
27 -3
30 -3
35 -3
46 -3
26 -3
18 -3
19 -3
14 -3
8 -3
12 -3
16 -3
23 -3
29 -3
44 -3
44 -3
29 -3
25 -3
28 -3
24 -3
19 -3
7 -3
10 -3
20 -3
16 -3
19 -3
18 -3
26 -3
46 -3
30 -3
19 -3
9 -3
2 -3
5 -3
19 -3
24 -3
16 -3
12 -3
21 -3
36 -3
33 -3
26 -3
16 -3
21 -3
22 -3
